Step number,Step name,Elapsed Time (s),Working Electrode (V),Working Electrode vs. NHE (V),Current (mA),Current Density (mA/cm²),Cumulative Charge (mAh),Counter Electrode (V)
1_1,Cyclic Voltammetry,0.0997616,0.0228073,0.0228073,-0.000451508,0,-1.25E-08,0.0921645
1_1,Cyclic Voltammetry,0.199362,0.00180425,0.00180425,-0.000124789,0,-2.05E-08,0.088897
1_1,Cyclic Voltammetry,0.298962,0.00245478,0.00245478,-7.85E-05,0,-2.33E-08,0.0882387
1_1,Cyclic Voltammetry,0.398562,0.00335823,0.00335823,-5.45E-05,0,-2.51E-08,0.0879047
1_1,Cyclic Voltammetry,0.498162,0.00431607,0.00431607,-4.18E-05,0,-2.65E-08,0.0877937
1_1,Cyclic Voltammetry,0.597762,0.00529336,0.00529336,-3.39E-05,0,-2.75E-08,0.0878009
1_1,Cyclic Voltammetry,0.697362,0.00627963,0.00627963,-2.84E-05,0,-2.84E-08,0.0877776
1_1,Cyclic Voltammetry,0.796962,0.0073083,0.0073083,-2.44E-05,0,-2.91E-08,0.0876916
1_1,Cyclic Voltammetry,0.896562,0.00831901,0.00831901,-2.13E-05,0,-2.97E-08,0.0876819
1_1,Cyclic Voltammetry,0.996162,0.00931675,0.00931675,-1.89E-05,0,-3.03E-08,0.0876797
1_1,Cyclic Voltammetry,1.09576,0.0102811,0.0102811,-1.68E-05,0,-3.08E-08,0.0876845
1_1,Cyclic Voltammetry,1.19536,0.0112559,0.0112559,-1.52E-05,0,-3.12E-08,0.0877175
1_1,Cyclic Voltammetry,1.29496,0.0122112,0.0122112,-1.38E-05,0,-3.16E-08,0.0876958
1_1,Cyclic Voltammetry,1.39456,0.0132563,0.0132563,-1.25E-05,0,-3.20E-08,0.0876662
1_1,Cyclic Voltammetry,1.49416,0.0142491,0.0142491,-1.14E-05,0,-3.23E-08,0.0876544
1_1,Cyclic Voltammetry,1.59376,0.0152493,0.0152493,-1.05E-05,0,-3.26E-08,0.0875938
1_1,Cyclic Voltammetry,1.69336,0.0162112,0.0162112,-9.59E-06,0,-3.29E-08,0.0876164
1_1,Cyclic Voltammetry,1.79296,0.0172244,0.0172244,-8.80E-06,0,-3.32E-08,0.0876321
1_1,Cyclic Voltammetry,1.89256,0.0182665,0.0182665,-8.09E-06,0,-3.34E-08,0.087573
1_1,Cyclic Voltammetry,1.99216,0.0192588,0.0192588,-7.40E-06,0,-3.36E-08,0.0875109
1_1,Cyclic Voltammetry,2.09176,0.020254,0.020254,-6.77E-06,0,-3.38E-08,0.0874996
1_1,Cyclic Voltammetry,2.19136,0.0215349,0.0215349,-6.53E-06,0,-3.40E-08,0.0875314
1_1,Cyclic Voltammetry,2.29096,0.0222021,0.0222021,-5.62E-06,0,-3.42E-08,0.0874582
1_1,Cyclic Voltammetry,2.39056,0.0232268,0.0232268,-5.09E-06,0,-3.43E-08,0.087411
1_1,Cyclic Voltammetry,2.49016,0.0242166,0.0242166,-4.56E-06,0,-3.44E-08,0.0873399
1_1,Cyclic Voltammetry,2.58976,0.0252128,0.0252128,-4.06E-06,0,-3.46E-08,0.0873356
1_1,Cyclic Voltammetry,2.68936,0.026213,0.026213,-3.59E-06,0,-3.47E-08,0.0873558
1_1,Cyclic Voltammetry,2.78896,0.0271858,0.0271858,-3.16E-06,0,-3.48E-08,0.0873445
1_1,Cyclic Voltammetry,2.88856,0.0281776,0.0281776,-2.77E-06,0,-3.48E-08,0.0872725
1_1,Cyclic Voltammetry,2.98816,0.0291968,0.0291968,-2.41E-06,0,-3.49E-08,0.0872378
1_1,Cyclic Voltammetry,3.08776,0.0301821,0.0301821,-2.05E-06,0,-3.50E-08,0.0871707
1_1,Cyclic Voltammetry,3.18736,0.0311339,0.0311339,-1.72E-06,0,-3.50E-08,0.0871878
1_1,Cyclic Voltammetry,3.28696,0.0321022,0.0321022,-1.36E-06,0,-3.51E-08,0.0871995
1_1,Cyclic Voltammetry,3.38656,0.0331119,0.0331119,-1.07E-06,0,-3.51E-08,0.0871843
1_1,Cyclic Voltammetry,3.48616,0.0341541,0.0341541,-7.60E-07,0,-3.51E-08,0.0871162
1_1,Cyclic Voltammetry,3.58576,0.0351408,0.0351408,-5.12E-07,0,-3.52E-08,0.0870955
1_1,Cyclic Voltammetry,3.68536,0.0361246,0.0361246,-2.97E-07,0,-3.52E-08,0.0871071
1_1,Cyclic Voltammetry,3.78496,0.0371184,0.0371184,-1.16E-07,0,-3.52E-08,0.0871253
1_1,Cyclic Voltammetry,3.88456,0.0380922,0.0380922,7.10E-08,0,-3.52E-08,0.0870637
1_1,Cyclic Voltammetry,3.98416,0.0391109,0.0391109,1.98E-07,0,-3.52E-08,0.0870061
1_1,Cyclic Voltammetry,4.08376,0.0401186,0.0401186,3.54E-07,0,-3.52E-08,0.0869889
1_1,Cyclic Voltammetry,4.18337,0.0411028,0.0411028,4.85E-07,0,-3.51E-08,0.0869841
1_1,Cyclic Voltammetry,4.28296,0.0420657,0.0420657,5.67E-07,0,-3.51E-08,0.0870063
1_1,Cyclic Voltammetry,4.38256,0.0430604,0.0430604,6.52E-07,0,-3.51E-08,0.087002
1_1,Cyclic Voltammetry,4.48216,0.0440681,0.0440681,7.41E-07,0,-3.51E-08,0.0869669
1_1,Cyclic Voltammetry,4.58176,0.0451163,0.0451163,8.01E-07,0,-3.51E-08,0.0869686
1_1,Cyclic Voltammetry,4.68136,0.0460916,0.0460916,8.14E-07,0,-3.51E-08,0.0869912
1_1,Cyclic Voltammetry,4.78096,0.0470649,0.0470649,8.12E-07,0,-3.50E-08,0.086966
1_1,Cyclic Voltammetry,4.88056,0.0480541,0.0480541,8.07E-07,0,-3.50E-08,0.0869598
1_1,Cyclic Voltammetry,4.98016,0.0490888,0.0490888,7.92E-07,0,-3.50E-08,0.086952
1_1,Cyclic Voltammetry,5.07976,0.0500691,0.0500691,7.87E-07,0,-3.50E-08,0.0869338
1_1,Cyclic Voltammetry,5.17936,0.0510673,0.0510673,8.00E-07,0,-3.49E-08,0.086928
1_1,Cyclic Voltammetry,5.27896,0.0520596,0.0520596,8.22E-07,0,-3.49E-08,0.0869576
1_1,Cyclic Voltammetry,5.37856,0.0530683,0.0530683,8.30E-07,0,-3.49E-08,0.0869538
1_1,Cyclic Voltammetry,5.47816,0.054084,0.054084,8.54E-07,0,-3.49E-08,0.0869346
1_1,Cyclic Voltammetry,5.57776,0.0550912,0.0550912,8.24E-07,0,-3.49E-08,0.0868905
1_1,Cyclic Voltammetry,5.67736,0.0560765,0.0560765,7.86E-07,0,-3.48E-08,0.086811
1_1,Cyclic Voltammetry,5.77696,0.0570612,0.0570612,7.90E-07,0,-3.48E-08,0.0868326
1_1,Cyclic Voltammetry,5.87656,0.0580216,0.0580216,7.96E-07,0,-3.48E-08,0.0868153
1_1,Cyclic Voltammetry,5.97616,0.0590253,0.0590253,8.34E-07,0,-3.48E-08,0.0868221
1_1,Cyclic Voltammetry,6.07576,0.060027,0.060027,8.99E-07,0,-3.47E-08,0.0868063
1_1,Cyclic Voltammetry,6.17536,0.0610248,0.0610248,9.62E-07,0,-3.47E-08,0.0867367
1_1,Cyclic Voltammetry,6.27496,0.0620325,0.0620325,1.03E-06,0,-3.47E-08,0.0866861
1_1,Cyclic Voltammetry,6.37456,0.0630068,0.0630068,1.10E-06,0,-3.47E-08,0.0866877
1_1,Cyclic Voltammetry,6.47416,0.0640026,0.0640026,1.21E-06,0,-3.46E-08,0.086671
1_1,Cyclic Voltammetry,6.57376,0.0649978,0.0649978,1.29E-06,0,-3.46E-08,0.0866224
1_1,Cyclic Voltammetry,6.67336,0.065992,0.065992,1.40E-06,0,-3.46E-08,0.0865489
1_1,Cyclic Voltammetry,6.77296,0.0669758,0.0669758,1.50E-06,0,-3.45E-08,0.0865515
1_1,Cyclic Voltammetry,6.87256,0.0679756,0.0679756,1.63E-06,0,-3.45E-08,0.0865447
1_1,Cyclic Voltammetry,6.97216,0.0689598,0.0689598,1.75E-06,0,-3.44E-08,0.086517
1_1,Cyclic Voltammetry,7.07176,0.070002,0.070002,1.94E-06,0,-3.44E-08,0.0864967
1_1,Cyclic Voltammetry,7.17136,0.0710142,0.0710142,2.10E-06,0,-3.43E-08,0.0864421
1_1,Cyclic Voltammetry,7.27096,0.0720214,0.0720214,2.26E-06,0,-3.43E-08,0.0864129
1_1,Cyclic Voltammetry,7.37056,0.0730152,0.0730152,2.45E-06,0,-3.42E-08,0.0864006
1_1,Cyclic Voltammetry,7.47016,0.0739795,0.0739795,2.56E-06,0,-3.41E-08,0.0863694
1_1,Cyclic Voltammetry,7.56976,0.0749987,0.0749987,2.71E-06,0,-3.40E-08,0.0863642
1_1,Cyclic Voltammetry,7.66936,0.0759775,0.0759775,2.81E-06,0,-3.40E-08,0.0863619
1_1,Cyclic Voltammetry,7.76896,0.0769862,0.0769862,2.95E-06,0,-3.39E-08,0.0863162
1_1,Cyclic Voltammetry,7.86856,0.0779884,0.0779884,3.08E-06,0,-3.38E-08,0.0862636
1_1,Cyclic Voltammetry,7.96816,0.0789936,0.0789936,3.22E-06,0,-3.37E-08,0.0862268
1_1,Cyclic Voltammetry,8.06776,0.0799654,0.0799654,3.36E-06,0,-3.36E-08,0.0861886
1_1,Cyclic Voltammetry,8.16736,0.0809757,0.0809757,3.46E-06,0,-3.35E-08,0.0861998
1_1,Cyclic Voltammetry,8.26696,0.0819864,0.0819864,3.56E-06,0,-3.34E-08,0.0861986
1_1,Cyclic Voltammetry,8.36656,0.0829806,0.0829806,3.62E-06,0,-3.33E-08,0.0861464
1_1,Cyclic Voltammetry,8.46616,0.0839689,0.0839689,3.66E-06,0,-3.32E-08,0.0861172
1_1,Cyclic Voltammetry,8.56576,0.0849412,0.0849412,3.70E-06,0,-3.31E-08,0.086077
1_1,Cyclic Voltammetry,8.66536,0.0859474,0.0859474,3.70E-06,0,-3.30E-08,0.0861042
1_1,Cyclic Voltammetry,8.76496,0.0869546,0.0869546,3.70E-06,0,-3.29E-08,0.0861149
1_1,Cyclic Voltammetry,8.86456,0.0879185,0.0879185,3.70E-06,0,-3.28E-08,0.0860892
1_1,Cyclic Voltammetry,8.96416,0.0889107,0.0889107,3.71E-06,0,-3.27E-08,0.0860445
1_1,Cyclic Voltammetry,9.06376,0.089888,0.089888,3.68E-06,0,-3.26E-08,0.0859914
1_1,Cyclic Voltammetry,9.16336,0.0908827,0.0908827,3.66E-06,0,-3.25E-08,0.0859802
1_1,Cyclic Voltammetry,9.26296,0.0919049,0.0919049,3.61E-06,0,-3.24E-08,0.0859516
1_1,Cyclic Voltammetry,9.36256,0.0928932,0.0928932,3.53E-06,0,-3.23E-08,0.0859806
1_1,Cyclic Voltammetry,9.46216,0.0938855,0.0938855,3.45E-06,0,-3.22E-08,0.0859859
1_1,Cyclic Voltammetry,9.56176,0.0948583,0.0948583,3.35E-06,0,-3.21E-08,0.0859697
1_1,Cyclic Voltammetry,9.66136,0.0958735,0.0958735,3.23E-06,0,-3.20E-08,0.0859405
1_1,Cyclic Voltammetry,9.76096,0.0968847,0.0968847,3.16E-06,0,-3.20E-08,0.0859865
1_1,Cyclic Voltammetry,9.86056,0.0978714,0.0978714,3.14E-06,0,-3.19E-08,0.0859742
1_1,Cyclic Voltammetry,9.96016,0.0988966,0.0988966,3.08E-06,0,-3.18E-08,0.0859495
1_1,Cyclic Voltammetry,10.0598,0.0998789,0.0998789,3.00E-06,0,-3.17E-08,0.0859243
1_1,Cyclic Voltammetry,10.1594,0.10086,0.10086,2.92E-06,0,-3.16E-08,0.0858996
1_1,Cyclic Voltammetry,10.259,0.101865,0.101865,2.85E-06,0,-3.15E-08,0.0858835
1_1,Cyclic Voltammetry,10.3586,0.102856,0.102856,2.79E-06,0,-3.15E-08,0.0858866
1_1,Cyclic Voltammetry,10.4582,0.103822,0.103822,2.73E-06,0,-3.14E-08,0.0858729
1_1,Cyclic Voltammetry,10.5578,0.104833,0.104833,2.71E-06,0,-3.13E-08,0.0858167
1_1,Cyclic Voltammetry,10.6574,0.105816,0.105816,2.68E-06,0,-3.12E-08,0.0857825
1_1,Cyclic Voltammetry,10.757,0.106841,0.106841,2.69E-06,0,-3.12E-08,0.0857533
1_1,Cyclic Voltammetry,10.8566,0.107831,0.107831,2.72E-06,0,-3.11E-08,0.0857646
1_1,Cyclic Voltammetry,10.9562,0.108826,0.108826,2.76E-06,0,-3.10E-08,0.0857508
1_1,Cyclic Voltammetry,11.0558,0.109818,0.109818,2.77E-06,0,-3.09E-08,0.0857021
1_1,Cyclic Voltammetry,11.1554,0.110835,0.110835,2.83E-06,0,-3.09E-08,0.0856764
1_1,Cyclic Voltammetry,11.255,0.11182,0.11182,2.88E-06,0,-3.08E-08,0.0856208
1_1,Cyclic Voltammetry,11.3546,0.112843,0.112843,2.94E-06,0,-3.07E-08,0.0856289
1_1,Cyclic Voltammetry,11.4542,0.113846,0.113846,3.04E-06,0,-3.06E-08,0.0856082
1_1,Cyclic Voltammetry,11.5538,0.114831,0.114831,3.14E-06,0,-3.05E-08,0.0855889
1_1,Cyclic Voltammetry,11.6534,0.115809,0.115809,3.26E-06,0,-3.04E-08,0.0855163
1_1,Cyclic Voltammetry,11.753,0.11682,0.11682,3.38E-06,0,-3.03E-08,0.0854781
1_1,Cyclic Voltammetry,11.8526,0.117817,0.117817,3.51E-06,0,-3.02E-08,0.0854589
1_1,Cyclic Voltammetry,11.9522,0.118778,0.118778,3.66E-06,0,-3.01E-08,0.0854531
1_1,Cyclic Voltammetry,12.0518,0.119766,0.119766,3.78E-06,0,-3.00E-08,0.085399
1_1,Cyclic Voltammetry,12.1514,0.120771,0.120771,3.86E-06,0,-2.99E-08,0.08533
1_1,Cyclic Voltammetry,12.251,0.121827,0.121827,3.95E-06,0,-2.98E-08,0.0853156
1_1,Cyclic Voltammetry,12.3506,0.122802,0.122802,4.06E-06,0,-2.97E-08,0.0853292
1_1,Cyclic Voltammetry,12.4502,0.123804,0.123804,4.15E-06,0,-2.96E-08,0.0853045
1_1,Cyclic Voltammetry,12.5498,0.124803,0.124803,4.28E-06,0,-2.95E-08,0.0852839
1_1,Cyclic Voltammetry,12.6494,0.125817,0.125817,4.40E-06,0,-2.94E-08,0.0852647
1_1,Cyclic Voltammetry,12.749,0.126828,0.126828,4.49E-06,0,-2.92E-08,0.0851597
1_1,Cyclic Voltammetry,12.8486,0.127824,0.127824,4.54E-06,0,-2.91E-08,0.0851499
1_1,Cyclic Voltammetry,12.9482,0.128788,0.128788,4.58E-06,0,-2.90E-08,0.0851406
1_1,Cyclic Voltammetry,13.0478,0.129767,0.129767,4.59E-06,0,-2.89E-08,0.0851613
1_1,Cyclic Voltammetry,13.1474,0.130775,0.130775,4.61E-06,0,-2.87E-08,0.0851425
1_1,Cyclic Voltammetry,13.247,0.131776,0.131776,4.60E-06,0,-2.86E-08,0.0851308
1_1,Cyclic Voltammetry,13.3466,0.132793,0.132793,4.60E-06,0,-2.85E-08,0.085134
1_1,Cyclic Voltammetry,13.4462,0.133788,0.133788,4.59E-06,0,-2.84E-08,0.0851217
1_1,Cyclic Voltammetry,13.5458,0.134723,0.134723,4.56E-06,0,-2.82E-08,0.0851
1_1,Cyclic Voltammetry,13.6454,0.135747,0.135747,4.52E-06,0,-2.81E-08,0.0850789
1_1,Cyclic Voltammetry,13.745,0.136726,0.136726,4.45E-06,0,-2.80E-08,0.0850557
1_1,Cyclic Voltammetry,13.8446,0.137725,0.137725,4.38E-06,0,-2.79E-08,0.0850449
1_1,Cyclic Voltammetry,13.9442,0.138695,0.138695,4.29E-06,0,-2.77E-08,0.0850521
1_1,Cyclic Voltammetry,14.0438,0.13967,0.13967,4.16E-06,0,-2.76E-08,0.0850663
1_1,Cyclic Voltammetry,14.1434,0.140687,0.140687,4.05E-06,0,-2.75E-08,0.0850576
1_1,Cyclic Voltammetry,14.243,0.141737,0.141737,3.94E-06,0,-2.74E-08,0.0850364
1_1,Cyclic Voltammetry,14.3426,0.142728,0.142728,3.88E-06,0,-2.73E-08,0.085068
1_1,Cyclic Voltammetry,14.4422,0.143692,0.143692,3.78E-06,0,-2.72E-08,0.0850353
1_1,Cyclic Voltammetry,14.5418,0.144668,0.144668,3.72E-06,0,-2.71E-08,0.0850115
1_1,Cyclic Voltammetry,14.6414,0.145679,0.145679,3.65E-06,0,-2.70E-08,0.0850103
1_1,Cyclic Voltammetry,14.741,0.146629,0.146629,3.53E-06,0,-2.69E-08,0.0849492
1_1,Cyclic Voltammetry,14.8406,0.147676,0.147676,3.44E-06,0,-2.68E-08,0.08492
1_1,Cyclic Voltammetry,14.9402,0.148678,0.148678,3.36E-06,0,-2.67E-08,0.0849451
1_1,Cyclic Voltammetry,15.0398,0.14967,0.14967,3.29E-06,0,-2.66E-08,0.0849244
1_1,Cyclic Voltammetry,15.1394,0.15065,0.15065,3.29E-06,0,-2.65E-08,0.0848932
1_1,Cyclic Voltammetry,15.239,0.15161,0.15161,3.28E-06,0,-2.64E-08,0.084871
1_1,Cyclic Voltammetry,15.3386,0.152615,0.152615,3.29E-06,0,-2.63E-08,0.0848598
1_1,Cyclic Voltammetry,15.4382,0.15366,0.15366,3.30E-06,0,-2.62E-08,0.0848445
1_1,Cyclic Voltammetry,15.5378,0.154645,0.154645,3.35E-06,0,-2.61E-08,0.0848078
1_1,Cyclic Voltammetry,15.6374,0.155611,0.155611,3.38E-06,0,-2.61E-08,0.084804
1_1,Cyclic Voltammetry,15.737,0.156639,0.156639,3.43E-06,0,-2.60E-08,0.0848282
1_1,Cyclic Voltammetry,15.8366,0.157637,0.157637,3.46E-06,0,-2.59E-08,0.0847406
1_1,Cyclic Voltammetry,15.9362,0.158647,0.158647,3.55E-06,0,-2.58E-08,0.0847273
1_1,Cyclic Voltammetry,16.0358,0.159643,0.159643,3.64E-06,0,-2.57E-08,0.0847185
1_1,Cyclic Voltammetry,16.1354,0.160627,0.160627,3.77E-06,0,-2.56E-08,0.0846554
1_1,Cyclic Voltammetry,16.235,0.161624,0.161624,3.90E-06,0,-2.55E-08,0.0845973
1_1,Cyclic Voltammetry,16.3346,0.162642,0.162642,4.04E-06,0,-2.53E-08,0.0845506
1_1,Cyclic Voltammetry,16.4342,0.163676,0.163676,4.15E-06,0,-2.52E-08,0.084511
1_1,Cyclic Voltammetry,16.5338,0.164633,0.164633,4.25E-06,0,-2.51E-08,0.0845156
1_1,Cyclic Voltammetry,16.6334,0.165595,0.165595,4.34E-06,0,-2.50E-08,0.0845138
1_1,Cyclic Voltammetry,16.733,0.166623,0.166623,4.44E-06,0,-2.49E-08,0.0844886
1_1,Cyclic Voltammetry,16.8326,0.167615,0.167615,4.53E-06,0,-2.48E-08,0.0844858
1_1,Cyclic Voltammetry,16.9322,0.168619,0.168619,4.64E-06,0,-2.46E-08,0.0844477
1_1,Cyclic Voltammetry,17.0318,0.169618,0.169618,4.69E-06,0,-2.45E-08,0.0843851
1_1,Cyclic Voltammetry,17.1314,0.170509,0.170509,4.74E-06,0,-2.44E-08,0.084392
1_1,Cyclic Voltammetry,17.231,0.171524,0.171524,4.88E-06,0,-2.42E-08,0.0843598
1_1,Cyclic Voltammetry,17.3306,0.172517,0.172517,4.91E-06,0,-2.41E-08,0.0843077
1_1,Cyclic Voltammetry,17.4302,0.173457,0.173457,4.93E-06,0,-2.40E-08,0.0843448
1_1,Cyclic Voltammetry,17.5298,0.174467,0.174467,4.94E-06,0,-2.38E-08,0.0843564
1_1,Cyclic Voltammetry,17.6294,0.175473,0.175473,4.94E-06,0,-2.37E-08,0.0843252
1_1,Cyclic Voltammetry,17.729,0.176476,0.176476,4.91E-06,0,-2.36E-08,0.084309
1_1,Cyclic Voltammetry,17.8286,0.177507,0.177507,4.91E-06,0,-2.34E-08,0.0843257
1_1,Cyclic Voltammetry,17.9282,0.178475,0.178475,4.84E-06,0,-2.33E-08,0.0842681
1_1,Cyclic Voltammetry,18.0278,0.179491,0.179491,4.82E-06,0,-2.31E-08,0.0842524
1_1,Cyclic Voltammetry,18.1274,0.180497,0.180497,4.74E-06,0,-2.30E-08,0.0843
1_1,Cyclic Voltammetry,18.227,0.181452,0.181452,4.66E-06,0,-2.29E-08,0.0842494
1_1,Cyclic Voltammetry,18.3266,0.182447,0.182447,4.54E-06,0,-2.28E-08,0.0842286
1_1,Cyclic Voltammetry,18.4262,0.18342,0.18342,4.42E-06,0,-2.26E-08,0.0842104
1_1,Cyclic Voltammetry,18.5258,0.184434,0.184434,4.32E-06,0,-2.25E-08,0.0842147
1_1,Cyclic Voltammetry,18.6254,0.185408,0.185408,4.21E-06,0,-2.24E-08,0.0842523
1_1,Cyclic Voltammetry,18.725,0.186452,0.186452,4.13E-06,0,-2.23E-08,0.0842515
1_1,Cyclic Voltammetry,18.8246,0.187457,0.187457,4.05E-06,0,-2.22E-08,0.0841889
1_1,Cyclic Voltammetry,18.9242,0.188435,0.188435,3.96E-06,0,-2.21E-08,0.0841821
1_1,Cyclic Voltammetry,19.0238,0.189475,0.189475,3.87E-06,0,-2.19E-08,0.0841779
1_1,Cyclic Voltammetry,19.1234,0.190471,0.190471,3.75E-06,0,-2.18E-08,0.0841782
1_1,Cyclic Voltammetry,19.223,0.191417,0.191417,3.66E-06,0,-2.17E-08,0.0841878
1_1,Cyclic Voltammetry,19.3226,0.192414,0.192414,3.59E-06,0,-2.16E-08,0.084182
1_1,Cyclic Voltammetry,19.4222,0.193415,0.193415,3.54E-06,0,-2.15E-08,0.0841493
1_1,Cyclic Voltammetry,19.5218,0.194427,0.194427,3.52E-06,0,-2.14E-08,0.0841052
1_1,Cyclic Voltammetry,19.6214,0.195403,0.195403,3.53E-06,0,-2.13E-08,0.0840959
1_1,Cyclic Voltammetry,19.721,0.196376,0.196376,3.53E-06,0,-2.12E-08,0.084123
1_1,Cyclic Voltammetry,19.8206,0.197385,0.197385,3.55E-06,0,-2.12E-08,0.0840889
1_1,Cyclic Voltammetry,19.9202,0.198363,0.198363,3.56E-06,0,-2.11E-08,0.0840388
1_1,Cyclic Voltammetry,20.0198,0.199358,0.199358,3.61E-06,0,-2.10E-08,0.0840116
1_1,Cyclic Voltammetry,20.1194,0.200341,0.200341,3.67E-06,0,-2.09E-08,0.0840038
1_1,Cyclic Voltammetry,20.219,0.201311,0.201311,3.71E-06,0,-2.07E-08,0.0840398
1_1,Cyclic Voltammetry,20.3186,0.202342,0.202342,3.79E-06,0,-2.06E-08,0.0839743
1_1,Cyclic Voltammetry,20.4182,0.203347,0.203347,3.90E-06,0,-2.05E-08,0.0839282
1_1,Cyclic Voltammetry,20.5178,0.204357,0.204357,4.02E-06,0,-2.04E-08,0.0838745
1_1,Cyclic Voltammetry,20.6174,0.205348,0.205348,4.16E-06,0,-2.03E-08,0.0838462
1_1,Cyclic Voltammetry,20.717,0.206331,0.206331,4.27E-06,0,-2.02E-08,0.0837986
1_1,Cyclic Voltammetry,20.8166,0.207357,0.207357,4.39E-06,0,-2.01E-08,0.0837764
1_1,Cyclic Voltammetry,20.9162,0.208327,0.208327,4.47E-06,0,-2.00E-08,0.0837856
1_1,Cyclic Voltammetry,21.0158,0.209293,0.209293,4.55E-06,0,-1.98E-08,0.08371
1_1,Cyclic Voltammetry,21.1154,0.210282,0.210282,4.65E-06,0,-1.97E-08,0.0836728
1_1,Cyclic Voltammetry,21.215,0.211274,0.211274,4.77E-06,0,-1.96E-08,0.0836441
1_1,Cyclic Voltammetry,21.3146,0.212259,0.212259,4.87E-06,0,-1.94E-08,0.0836429
1_1,Cyclic Voltammetry,21.4142,0.213279,0.213279,4.99E-06,0,-1.93E-08,0.0836086
1_1,Cyclic Voltammetry,21.5138,0.214297,0.214297,5.04E-06,0,-1.92E-08,0.0835739
1_1,Cyclic Voltammetry,21.6134,0.215291,0.215291,5.08E-06,0,-1.90E-08,0.0835437
1_1,Cyclic Voltammetry,21.713,0.216304,0.216304,5.09E-06,0,-1.89E-08,0.08352
1_1,Cyclic Voltammetry,21.8126,0.217306,0.217306,5.14E-06,0,-1.87E-08,0.0835387
1_1,Cyclic Voltammetry,21.9122,0.218279,0.218279,5.10E-06,0,-1.86E-08,0.083527
1_1,Cyclic Voltammetry,22.0118,0.21931,0.21931,5.06E-06,0,-1.85E-08,0.0835531
1_1,Cyclic Voltammetry,22.1114,0.22031,0.22031,5.07E-06,0,-1.83E-08,0.0835743
1_1,Cyclic Voltammetry,22.211,0.221272,0.221272,5.07E-06,0,-1.82E-08,0.0835615
1_1,Cyclic Voltammetry,22.3106,0.222283,0.222283,4.98E-06,0,-1.80E-08,0.0835208
1_1,Cyclic Voltammetry,22.4102,0.223306,0.223306,4.94E-06,0,-1.79E-08,0.0835241
1_1,Cyclic Voltammetry,22.5098,0.224303,0.224303,4.86E-06,0,-1.78E-08,0.0835298
1_1,Cyclic Voltammetry,22.6094,0.225289,0.225289,4.78E-06,0,-1.76E-08,0.0834967
1_1,Cyclic Voltammetry,22.709,0.226255,0.226255,4.63E-06,0,-1.75E-08,0.0834595
1_1,Cyclic Voltammetry,22.8086,0.227201,0.227201,4.51E-06,0,-1.74E-08,0.0834718
1_1,Cyclic Voltammetry,22.9082,0.228207,0.228207,4.41E-06,0,-1.73E-08,0.0835024
1_1,Cyclic Voltammetry,23.0078,0.229246,0.229246,4.32E-06,0,-1.71E-08,0.0835195
1_1,Cyclic Voltammetry,23.1074,0.230246,0.230246,4.26E-06,0,-1.70E-08,0.0834963
1_1,Cyclic Voltammetry,23.207,0.231248,0.231248,4.16E-06,0,-1.69E-08,0.08351
1_1,Cyclic Voltammetry,23.3066,0.232209,0.232209,4.06E-06,0,-1.68E-08,0.0834923
1_1,Cyclic Voltammetry,23.4062,0.233216,0.233216,3.99E-06,0,-1.67E-08,0.0834108
1_1,Cyclic Voltammetry,23.5058,0.234211,0.234211,3.86E-06,0,-1.66E-08,0.0834245
1_1,Cyclic Voltammetry,23.6054,0.235214,0.235214,3.79E-06,0,-1.65E-08,0.0834397
1_1,Cyclic Voltammetry,23.705,0.236175,0.236175,3.75E-06,0,-1.64E-08,0.0834434
1_1,Cyclic Voltammetry,23.8046,0.237151,0.237151,3.71E-06,0,-1.63E-08,0.0834012
1_1,Cyclic Voltammetry,23.9042,0.238189,0.238189,3.71E-06,0,-1.62E-08,0.0833515
1_1,Cyclic Voltammetry,24.0038,0.239186,0.239186,3.68E-06,0,-1.60E-08,0.0833443
1_1,Cyclic Voltammetry,24.1034,0.240178,0.240178,3.71E-06,0,-1.59E-08,0.0833749
1_1,Cyclic Voltammetry,24.203,0.241169,0.241169,3.73E-06,0,-1.58E-08,0.0833821
1_1,Cyclic Voltammetry,24.3026,0.242122,0.242122,3.76E-06,0,-1.57E-08,0.0833081
1_1,Cyclic Voltammetry,24.4022,0.243124,0.243124,3.80E-06,0,-1.56E-08,0.0832355
1_1,Cyclic Voltammetry,24.5018,0.244092,0.244092,3.87E-06,0,-1.55E-08,0.0832327
1_1,Cyclic Voltammetry,24.6014,0.245102,0.245102,3.94E-06,0,-1.54E-08,0.083212
1_1,Cyclic Voltammetry,24.701,0.24612,0.24612,4.05E-06,0,-1.53E-08,0.0832471
1_1,Cyclic Voltammetry,24.8006,0.24714,0.24714,4.18E-06,0,-1.52E-08,0.0832039
1_1,Cyclic Voltammetry,24.9002,0.248112,0.248112,4.27E-06,0,-1.51E-08,0.0831418
1_1,Cyclic Voltammetry,24.9998,0.249087,0.249087,4.37E-06,0,-1.50E-08,0.0831046
1_1,Cyclic Voltammetry,25.0994,0.250123,0.250123,4.48E-06,0,-1.48E-08,0.0830584
1_1,Cyclic Voltammetry,25.199,0.25114,0.25114,4.55E-06,0,-1.47E-08,0.0830396
1_1,Cyclic Voltammetry,25.2986,0.252114,0.252114,4.53E-06,0,-1.46E-08,0.082955
1_1,Cyclic Voltammetry,25.3982,0.253101,0.253101,4.65E-06,0,-1.45E-08,0.0829747
1_1,Cyclic Voltammetry,25.4978,0.254072,0.254072,4.82E-06,0,-1.43E-08,0.082954
1_1,Cyclic Voltammetry,25.5974,0.255097,0.255097,4.94E-06,0,-1.42E-08,0.0829867
1_1,Cyclic Voltammetry,25.697,0.256135,0.256135,5.02E-06,0,-1.41E-08,0.0830028
1_1,Cyclic Voltammetry,25.7966,0.257111,0.257111,5.14E-06,0,-1.39E-08,0.0829876
1_1,Cyclic Voltammetry,25.8962,0.258092,0.258092,5.21E-06,0,-1.38E-08,0.0829699
1_1,Cyclic Voltammetry,25.9958,0.259078,0.259078,5.25E-06,0,-1.36E-08,0.0828928
1_1,Cyclic Voltammetry,26.0954,0.260085,0.260085,5.19E-06,0,-1.35E-08,0.0828392
1_1,Cyclic Voltammetry,26.195,0.261089,0.261089,5.21E-06,0,-1.33E-08,0.08284
1_1,Cyclic Voltammetry,26.2946,0.262091,0.262091,5.18E-06,0,-1.32E-08,0.0828536
1_1,Cyclic Voltammetry,26.3942,0.263059,0.263059,5.17E-06,0,-1.31E-08,0.0828792
1_1,Cyclic Voltammetry,26.4938,0.264042,0.264042,5.16E-06,0,-1.29E-08,0.0828651
1_1,Cyclic Voltammetry,26.5934,0.265081,0.265081,5.09E-06,0,-1.28E-08,0.0828034
1_1,Cyclic Voltammetry,26.693,0.26607,0.26607,4.98E-06,0,-1.26E-08,0.0827897
1_1,Cyclic Voltammetry,26.7926,0.267081,0.267081,4.94E-06,0,-1.25E-08,0.0827654
1_1,Cyclic Voltammetry,26.8922,0.268071,0.268071,4.80E-06,0,-1.24E-08,0.0827353
1_1,Cyclic Voltammetry,26.9918,0.269055,0.269055,4.70E-06,0,-1.22E-08,0.0827505
1_1,Cyclic Voltammetry,27.0914,0.269999,0.269999,4.65E-06,0,-1.21E-08,0.0827314
1_1,Cyclic Voltammetry,27.191,0.271021,0.271021,4.57E-06,0,-1.20E-08,0.082757
1_1,Cyclic Voltammetry,27.2906,0.272004,0.272004,4.48E-06,0,-1.18E-08,0.0828235
1_1,Cyclic Voltammetry,27.3902,0.272988,0.272988,4.44E-06,0,-1.17E-08,0.0827934
1_1,Cyclic Voltammetry,27.4898,0.273987,0.273987,4.32E-06,0,-1.16E-08,0.0827647
1_1,Cyclic Voltammetry,27.5894,0.274966,0.274966,4.25E-06,0,-1.15E-08,0.0827435
1_1,Cyclic Voltammetry,27.689,0.275981,0.275981,4.18E-06,0,-1.14E-08,0.0827237
1_1,Cyclic Voltammetry,27.7886,0.276961,0.276961,4.04E-06,0,-1.13E-08,0.082693
1_1,Cyclic Voltammetry,27.8882,0.278005,0.278005,3.97E-06,0,-1.11E-08,0.0827082
1_1,Cyclic Voltammetry,27.9878,0.278966,0.278966,3.90E-06,0,-1.10E-08,0.0826885
1_1,Cyclic Voltammetry,28.0874,0.279974,0.279974,3.88E-06,0,-1.09E-08,0.0827241
1_1,Cyclic Voltammetry,28.187,0.280987,0.280987,3.86E-06,0,-1.08E-08,0.0827019
1_1,Cyclic Voltammetry,28.2866,0.281956,0.281956,3.86E-06,0,-1.07E-08,0.0827196
1_1,Cyclic Voltammetry,28.3862,0.283001,0.283001,3.88E-06,0,-1.06E-08,0.0826839
1_1,Cyclic Voltammetry,28.4858,0.283957,0.283957,3.89E-06,0,-1.05E-08,0.0826497
1_1,Cyclic Voltammetry,28.5854,0.284956,0.284956,3.93E-06,0,-1.04E-08,0.082633
1_1,Cyclic Voltammetry,28.685,0.285955,0.285955,3.95E-06,0,-1.03E-08,0.0825694
1_1,Cyclic Voltammetry,28.7846,0.286913,0.286913,4.01E-06,0,-1.02E-08,0.0825562
1_1,Cyclic Voltammetry,28.8842,0.287895,0.287895,4.10E-06,0,-1.01E-08,0.082539
1_1,Cyclic Voltammetry,28.9838,0.288902,0.288902,4.17E-06,0,-9.94E-09,0.0824828
1_1,Cyclic Voltammetry,29.0834,0.28988,0.28988,4.31E-06,0,-9.82E-09,0.0824655
1_1,Cyclic Voltammetry,29.183,0.290882,0.290882,4.38E-06,0,-9.70E-09,0.0824329
1_1,Cyclic Voltammetry,29.2826,0.291885,0.291885,4.54E-06,0,-9.58E-09,0.0823767
1_1,Cyclic Voltammetry,29.3822,0.29288,0.29288,4.65E-06,0,-9.45E-09,0.082362
1_1,Cyclic Voltammetry,29.4818,0.293862,0.293862,4.75E-06,0,-9.32E-09,0.0823552
1_1,Cyclic Voltammetry,29.5814,0.294858,0.294858,4.88E-06,0,-9.19E-09,0.0822557
1_1,Cyclic Voltammetry,29.681,0.295896,0.295896,4.90E-06,0,-9.06E-09,0.0822523
1_1,Cyclic Voltammetry,29.7806,0.296892,0.296892,5.05E-06,0,-8.92E-09,0.0822252
1_1,Cyclic Voltammetry,29.8802,0.297879,0.297879,5.16E-06,0,-8.78E-09,0.0822329
1_1,Cyclic Voltammetry,29.9798,0.298835,0.298835,5.27E-06,0,-8.63E-09,0.0822316
1_1,Cyclic Voltammetry,30.0794,0.299861,0.299861,5.35E-06,0,-8.48E-09,0.0822053
1_1,Cyclic Voltammetry,30.179,0.300876,0.300876,5.40E-06,0,-8.34E-09,0.0821736
1_1,Cyclic Voltammetry,30.2786,0.30184,0.30184,5.47E-06,0,-8.19E-09,0.0821799
1_1,Cyclic Voltammetry,30.3782,0.302813,0.302813,5.43E-06,0,-8.03E-09,0.0821796
1_1,Cyclic Voltammetry,30.4778,0.30382,0.30382,5.48E-06,0,-7.88E-09,0.0821599
1_1,Cyclic Voltammetry,30.5774,0.304808,0.304808,5.45E-06,0,-7.73E-09,0.0821233
1_1,Cyclic Voltammetry,30.677,0.305812,0.305812,5.45E-06,0,-7.58E-09,0.0821121
1_1,Cyclic Voltammetry,30.7766,0.306808,0.306808,5.41E-06,0,-7.43E-09,0.0821083
1_1,Cyclic Voltammetry,30.8762,0.307782,0.307782,5.37E-06,0,-7.28E-09,0.0821175
1_1,Cyclic Voltammetry,30.9758,0.3088,0.3088,5.33E-06,0,-7.13E-09,0.0821168
1_1,Cyclic Voltammetry,31.0754,0.309797,0.309797,5.26E-06,0,-6.99E-09,0.0821065
1_1,Cyclic Voltammetry,31.175,0.310803,0.310803,5.18E-06,0,-6.84E-09,0.0820903
1_1,Cyclic Voltammetry,31.2746,0.311793,0.311793,5.03E-06,0,-6.70E-09,0.0820605
1_1,Cyclic Voltammetry,31.3742,0.312786,0.312786,4.91E-06,0,-6.57E-09,0.0820757
1_1,Cyclic Voltammetry,31.4738,0.31378,0.31378,4.80E-06,0,-6.43E-09,0.0820765
1_1,Cyclic Voltammetry,31.5734,0.314738,0.314738,4.72E-06,0,-6.30E-09,0.0820737
1_1,Cyclic Voltammetry,31.673,0.315769,0.315769,4.66E-06,0,-6.17E-09,0.0820799
1_1,Cyclic Voltammetry,31.7726,0.316726,0.316726,4.57E-06,0,-6.04E-09,0.0820762
1_1,Cyclic Voltammetry,31.8722,0.317728,0.317728,4.48E-06,0,-5.92E-09,0.082057
1_1,Cyclic Voltammetry,31.9718,0.31872,0.31872,4.39E-06,0,-5.79E-09,0.0820293
1_1,Cyclic Voltammetry,32.0714,0.319712,0.319712,4.29E-06,0,-5.67E-09,0.0820186
1_1,Cyclic Voltammetry,32.171,0.3207,0.3207,4.20E-06,0,-5.56E-09,0.0820293
1_1,Cyclic Voltammetry,32.2706,0.321734,0.321734,4.15E-06,0,-5.44E-09,0.0820359
1_1,Cyclic Voltammetry,32.3702,0.322738,0.322738,4.12E-06,0,-5.33E-09,0.0819893
1_1,Cyclic Voltammetry,32.4698,0.32373,0.32373,4.11E-06,0,-5.21E-09,0.0819841
1_1,Cyclic Voltammetry,32.5694,0.324723,0.324723,4.13E-06,0,-5.10E-09,0.0819464
1_1,Cyclic Voltammetry,32.669,0.325682,0.325682,4.16E-06,0,-4.98E-09,0.0819356
1_1,Cyclic Voltammetry,32.7686,0.326709,0.326709,4.19E-06,0,-4.87E-09,0.0819294
1_1,Cyclic Voltammetry,32.8682,0.327739,0.327739,4.24E-06,0,-4.75E-09,0.0819116
1_1,Cyclic Voltammetry,32.9678,0.328704,0.328704,4.26E-06,0,-4.63E-09,0.0818705
1_1,Cyclic Voltammetry,33.0674,0.329678,0.329678,4.33E-06,0,-4.52E-09,0.0818552
1_1,Cyclic Voltammetry,33.167,0.330679,0.330679,4.43E-06,0,-4.39E-09,0.0818624
1_1,Cyclic Voltammetry,33.2666,0.331715,0.331715,4.52E-06,0,-4.27E-09,0.0817943
1_1,Cyclic Voltammetry,33.3662,0.3327,0.3327,4.65E-06,0,-4.14E-09,0.0817716
1_1,Cyclic Voltammetry,33.4658,0.333703,0.333703,4.81E-06,0,-4.01E-09,0.0817244
1_1,Cyclic Voltammetry,33.5654,0.334683,0.334683,4.94E-06,0,-3.88E-09,0.0816692
1_1,Cyclic Voltammetry,33.665,0.335634,0.335634,5.04E-06,0,-3.74E-09,0.08167
1_1,Cyclic Voltammetry,33.7646,0.33665,0.33665,5.15E-06,0,-3.60E-09,0.0816477
1_1,Cyclic Voltammetry,33.8642,0.337648,0.337648,5.23E-06,0,-3.46E-09,0.0816454
1_1,Cyclic Voltammetry,33.9638,0.338646,0.338646,5.36E-06,0,-3.31E-09,0.0815828
1_1,Cyclic Voltammetry,34.0634,0.339631,0.339631,5.35E-06,0,-3.16E-09,0.0815218
1_1,Cyclic Voltammetry,34.163,0.340551,0.340551,5.53E-06,0,-3.01E-09,0.0814837
1_1,Cyclic Voltammetry,34.2626,0.341537,0.341537,5.67E-06,0,-2.85E-09,0.0814785
1_1,Cyclic Voltammetry,34.3622,0.342509,0.342509,5.77E-06,0,-2.70E-09,0.081512
1_1,Cyclic Voltammetry,34.4618,0.343512,0.343512,5.82E-06,0,-2.54E-09,0.0814913
1_1,Cyclic Voltammetry,34.5614,0.344515,0.344515,5.84E-06,0,-2.37E-09,0.0814686
1_1,Cyclic Voltammetry,34.661,0.345509,0.345509,5.85E-06,0,-2.21E-09,0.0814235
1_1,Cyclic Voltammetry,34.7606,0.346506,0.346506,5.87E-06,0,-2.05E-09,0.0814656
1_1,Cyclic Voltammetry,34.8602,0.347515,0.347515,5.87E-06,0,-1.89E-09,0.0814738
1_1,Cyclic Voltammetry,34.9598,0.348536,0.348536,5.86E-06,0,-1.73E-09,0.0814511
1_1,Cyclic Voltammetry,35.0594,0.34952,0.34952,5.80E-06,0,-1.57E-09,0.081388
1_1,Cyclic Voltammetry,35.159,0.350477,0.350477,5.77E-06,0,-1.41E-09,0.0813299
1_1,Cyclic Voltammetry,35.2586,0.351452,0.351452,5.72E-06,0,-1.25E-09,0.0813082
1_1,Cyclic Voltammetry,35.3582,0.352414,0.352414,5.63E-06,0,-1.09E-09,0.0813423
1_1,Cyclic Voltammetry,35.4578,0.353447,0.353447,5.53E-06,0,-9.35E-10,0.0813849
1_1,Cyclic Voltammetry,35.5574,0.354481,0.354481,5.44E-06,0,-7.83E-10,0.0814006
1_1,Cyclic Voltammetry,35.657,0.355446,0.355446,5.32E-06,0,-6.34E-10,0.0813505
1_1,Cyclic Voltammetry,35.7566,0.356463,0.356463,5.23E-06,0,-4.88E-10,0.0813607
1_1,Cyclic Voltammetry,35.8562,0.357453,0.357453,5.15E-06,0,-3.45E-10,0.081344
1_1,Cyclic Voltammetry,35.9558,0.35847,0.35847,5.08E-06,0,-2.03E-10,0.0813621
1_1,Cyclic Voltammetry,36.0554,0.359488,0.359488,5.00E-06,0,-6.38E-11,0.0813758
1_1,Cyclic Voltammetry,36.155,0.360465,0.360465,4.92E-06,0,7.33E-11,0.0813631
1_1,Cyclic Voltammetry,36.2546,0.361442,0.361442,4.83E-06,0,2.08E-10,0.0812995
1_1,Cyclic Voltammetry,36.3542,0.362452,0.362452,4.74E-06,0,3.40E-10,0.0813276
1_1,Cyclic Voltammetry,36.4538,0.363499,0.363499,4.69E-06,0,4.71E-10,0.0813633
1_1,Cyclic Voltammetry,36.5534,0.364507,0.364507,4.68E-06,0,6.00E-10,0.0813386
1_1,Cyclic Voltammetry,36.653,0.365511,0.365511,4.67E-06,0,7.30E-10,0.0812884
1_1,Cyclic Voltammetry,36.7526,0.366499,0.366499,4.72E-06,0,8.60E-10,0.0812079
1_1,Cyclic Voltammetry,36.8522,0.367504,0.367504,4.74E-06,0,9.90E-10,0.0811532
1_1,Cyclic Voltammetry,36.9518,0.368452,0.368452,4.78E-06,0,1.12E-09,0.0811679
1_1,Cyclic Voltammetry,37.0514,0.369483,0.369483,4.81E-06,0,1.25E-09,0.0812518
1_1,Cyclic Voltammetry,37.151,0.370504,0.370504,4.90E-06,0,1.39E-09,0.0812102
1_1,Cyclic Voltammetry,37.2506,0.371475,0.371475,4.98E-06,0,1.53E-09,0.0811131
1_1,Cyclic Voltammetry,37.3502,0.372465,0.372465,5.05E-06,0,1.66E-09,0.0810574
1_1,Cyclic Voltammetry,37.4498,0.373488,0.373488,5.16E-06,0,1.81E-09,0.0810323
1_1,Cyclic Voltammetry,37.5494,0.37449,0.37449,5.34E-06,0,1.95E-09,0.0809976
1_1,Cyclic Voltammetry,37.649,0.37548,0.37548,5.50E-06,0,2.10E-09,0.080965
1_1,Cyclic Voltammetry,37.7486,0.376424,0.376424,5.64E-06,0,2.26E-09,0.0809078
1_1,Cyclic Voltammetry,37.8482,0.377393,0.377393,5.75E-06,0,2.41E-09,0.0808547
1_1,Cyclic Voltammetry,37.9478,0.37838,0.37838,5.86E-06,0,2.57E-09,0.0808488
1_1,Cyclic Voltammetry,38.0474,0.379422,0.379422,5.98E-06,0,2.74E-09,0.080862
1_1,Cyclic Voltammetry,38.147,0.380424,0.380424,6.09E-06,0,2.90E-09,0.0808502
1_1,Cyclic Voltammetry,38.2466,0.381425,0.381425,6.21E-06,0,3.07E-09,0.0808281
1_1,Cyclic Voltammetry,38.3462,0.382431,0.382431,6.37E-06,0,3.25E-09,0.0808062
1_1,Cyclic Voltammetry,38.4458,0.383394,0.383394,6.49E-06,0,3.43E-09,0.0807606
1_1,Cyclic Voltammetry,38.5454,0.384392,0.384392,6.57E-06,0,3.61E-09,0.0807523
1_1,Cyclic Voltammetry,38.645,0.385421,0.385421,6.61E-06,0,3.79E-09,0.0807505
1_1,Cyclic Voltammetry,38.7446,0.386386,0.386386,6.65E-06,0,3.97E-09,0.0807483
1_1,Cyclic Voltammetry,38.8442,0.387368,0.387368,6.68E-06,0,4.16E-09,0.080738
1_1,Cyclic Voltammetry,38.9438,0.388365,0.388365,6.70E-06,0,4.34E-09,0.0807551
1_1,Cyclic Voltammetry,39.0434,0.389324,0.389324,6.71E-06,0,4.53E-09,0.0807399
1_1,Cyclic Voltammetry,39.143,0.390356,0.390356,6.71E-06,0,4.71E-09,0.0807257
1_1,Cyclic Voltammetry,39.2426,0.391393,0.391393,6.67E-06,0,4.90E-09,0.08071
1_1,Cyclic Voltammetry,39.3422,0.39235,0.39235,6.66E-06,0,5.08E-09,0.0806778
1_1,Cyclic Voltammetry,39.4418,0.393318,0.393318,6.59E-06,0,5.27E-09,0.0806676
1_1,Cyclic Voltammetry,39.5414,0.394316,0.394316,6.54E-06,0,5.45E-09,0.0806454
1_1,Cyclic Voltammetry,39.641,0.3953,0.3953,6.44E-06,0,5.63E-09,0.080635
1_1,Cyclic Voltammetry,39.7406,0.396323,0.396323,6.33E-06,0,5.80E-09,0.0806677
1_1,Cyclic Voltammetry,39.8402,0.397319,0.397319,6.26E-06,0,5.98E-09,0.0806326
1_1,Cyclic Voltammetry,39.9398,0.398305,0.398305,6.18E-06,0,6.15E-09,0.0805999
1_1,Cyclic Voltammetry,40.0394,0.399322,0.399322,6.15E-06,0,6.32E-09,0.0805677
1_1,Cyclic Voltammetry,40.139,0.400338,0.400338,6.09E-06,0,6.49E-09,0.0805295
1_1,Cyclic Voltammetry,40.2386,0.401337,0.401337,6.02E-06,0,6.66E-09,0.0805133
1_1,Cyclic Voltammetry,40.3382,0.402334,0.402334,5.95E-06,0,6.82E-09,0.08051
1_1,Cyclic Voltammetry,40.4378,0.403281,0.403281,5.87E-06,0,6.99E-09,0.0804445
1_1,Cyclic Voltammetry,40.5374,0.404254,0.404254,5.83E-06,0,7.15E-09,0.0805044
1_1,Cyclic Voltammetry,40.637,0.4053,0.4053,5.83E-06,0,7.31E-09,0.0804961
1_1,Cyclic Voltammetry,40.7366,0.406349,0.406349,5.84E-06,0,7.47E-09,0.0804629
1_1,Cyclic Voltammetry,40.8362,0.407357,0.407357,5.86E-06,0,7.63E-09,0.0804233
1_1,Cyclic Voltammetry,40.9358,0.40834,0.40834,5.92E-06,0,7.80E-09,0.0803976
1_1,Cyclic Voltammetry,41.0354,0.409322,0.409322,5.97E-06,0,7.96E-09,0.0803625
1_1,Cyclic Voltammetry,41.135,0.41034,0.41034,6.06E-06,0,8.13E-09,0.0803382
1_1,Cyclic Voltammetry,41.2346,0.41136,0.41136,6.13E-06,0,8.30E-09,0.080309
1_1,Cyclic Voltammetry,41.3342,0.412339,0.412339,6.23E-06,0,8.47E-09,0.0802912
1_1,Cyclic Voltammetry,41.4338,0.413293,0.413293,6.34E-06,0,8.64E-09,0.0802525
1_1,Cyclic Voltammetry,41.5334,0.414247,0.414247,6.45E-06,0,8.82E-09,0.0802183
1_1,Cyclic Voltammetry,41.633,0.415289,0.415289,6.62E-06,0,9.00E-09,0.0801971
1_1,Cyclic Voltammetry,41.7326,0.416337,0.416337,6.81E-06,0,9.18E-09,0.0801544
1_1,Cyclic Voltammetry,41.8322,0.417342,0.417342,7.01E-06,0,9.38E-09,0.0801103
1_1,Cyclic Voltammetry,41.9318,0.418296,0.418296,7.16E-06,0,9.57E-09,0.0800516
1_1,Cyclic Voltammetry,42.0314,0.419275,0.419275,7.29E-06,0,9.77E-09,0.0800249
1_1,Cyclic Voltammetry,42.131,0.420266,0.420266,7.43E-06,0,9.98E-09,0.0800166
1_1,Cyclic Voltammetry,42.2306,0.421267,0.421267,7.59E-06,0,1.02E-08,0.0800212
1_1,Cyclic Voltammetry,42.3302,0.422272,0.422272,7.74E-06,0,1.04E-08,0.0799791
1_1,Cyclic Voltammetry,42.4298,0.423275,0.423275,7.89E-06,0,1.06E-08,0.0799339
1_1,Cyclic Voltammetry,42.5294,0.424283,0.424283,8.06E-06,0,1.08E-08,0.0799496
1_1,Cyclic Voltammetry,42.629,0.425288,0.425288,8.19E-06,0,1.11E-08,0.0799373
1_1,Cyclic Voltammetry,42.7286,0.426294,0.426294,8.29E-06,0,1.13E-08,0.0799319
1_1,Cyclic Voltammetry,42.8282,0.427296,0.427296,8.37E-06,0,1.15E-08,0.0798435
1_1,Cyclic Voltammetry,42.9278,0.428283,0.428283,8.43E-06,0,1.17E-08,0.0798013
1_1,Cyclic Voltammetry,43.0274,0.429243,0.429243,8.50E-06,0,1.20E-08,0.0797397
1_1,Cyclic Voltammetry,43.127,0.430225,0.430225,8.53E-06,0,1.22E-08,0.0797569
1_1,Cyclic Voltammetry,43.2266,0.431226,0.431226,8.56E-06,0,1.25E-08,0.079789
1_1,Cyclic Voltammetry,43.3262,0.432243,0.432243,8.56E-06,0,1.27E-08,0.0797178
1_1,Cyclic Voltammetry,43.4258,0.433242,0.433242,8.61E-06,0,1.29E-08,0.0796463
1_1,Cyclic Voltammetry,43.5254,0.434235,0.434235,8.61E-06,0,1.32E-08,0.0796405
1_1,Cyclic Voltammetry,43.625,0.435191,0.435191,8.56E-06,0,1.34E-08,0.0796577
1_1,Cyclic Voltammetry,43.7246,0.436203,0.436203,8.50E-06,0,1.36E-08,0.0796439
1_1,Cyclic Voltammetry,43.8242,0.43722,0.43722,8.45E-06,0,1.39E-08,0.0796117
1_1,Cyclic Voltammetry,43.9238,0.43823,0.43823,8.40E-06,0,1.41E-08,0.0795615
1_1,Cyclic Voltammetry,44.0234,0.439235,0.439235,8.36E-06,0,1.43E-08,0.0795273
1_1,Cyclic Voltammetry,44.123,0.440234,0.440234,8.33E-06,0,1.46E-08,0.0795335
1_1,Cyclic Voltammetry,44.2226,0.441222,0.441222,8.32E-06,0,1.48E-08,0.0795956
1_1,Cyclic Voltammetry,44.3222,0.442231,0.442231,8.28E-06,0,1.50E-08,0.0795275
1_1,Cyclic Voltammetry,44.4218,0.443278,0.443278,8.26E-06,0,1.53E-08,0.0794833
1_1,Cyclic Voltammetry,44.5214,0.444242,0.444242,8.21E-06,0,1.55E-08,0.0794766
1_1,Cyclic Voltammetry,44.621,0.445204,0.445204,8.19E-06,0,1.57E-08,0.0794494
1_1,Cyclic Voltammetry,44.7206,0.446207,0.446207,8.21E-06,0,1.59E-08,0.0794431
1_1,Cyclic Voltammetry,44.8202,0.447231,0.447231,8.26E-06,0,1.62E-08,0.0794398
1_1,Cyclic Voltammetry,44.9198,0.448235,0.448235,8.31E-06,0,1.64E-08,0.0793787
1_1,Cyclic Voltammetry,45.0194,0.449213,0.449213,8.37E-06,0,1.66E-08,0.0793051
1_1,Cyclic Voltammetry,45.119,0.450227,0.450227,8.48E-06,0,1.69E-08,0.0792625
1_1,Cyclic Voltammetry,45.2186,0.451201,0.451201,8.58E-06,0,1.71E-08,0.0792372
1_1,Cyclic Voltammetry,45.3182,0.452194,0.452194,8.69E-06,0,1.73E-08,0.079209
1_1,Cyclic Voltammetry,45.4178,0.453193,0.453193,8.81E-06,0,1.76E-08,0.0791563
1_1,Cyclic Voltammetry,45.5174,0.454167,0.454167,8.95E-06,0,1.78E-08,0.0790518
1_1,Cyclic Voltammetry,45.617,0.455184,0.455184,9.08E-06,0,1.81E-08,0.0790042
1_1,Cyclic Voltammetry,45.7166,0.456171,0.456171,9.29E-06,0,1.83E-08,0.0790078
1_1,Cyclic Voltammetry,45.8162,0.45716,0.45716,9.49E-06,0,1.86E-08,0.0789916
1_1,Cyclic Voltammetry,45.9158,0.458164,0.458164,9.68E-06,0,1.89E-08,0.0789334
1_1,Cyclic Voltammetry,46.0154,0.45917,0.45917,9.90E-06,0,1.91E-08,0.0788658
1_1,Cyclic Voltammetry,46.115,0.46018,0.46018,1.01E-05,0,1.94E-08,0.0787757
1_1,Cyclic Voltammetry,46.2146,0.461196,0.461196,1.02E-05,0,1.97E-08,0.0787464
1_1,Cyclic Voltammetry,46.3142,0.462173,0.462173,1.04E-05,0,2.00E-08,0.0787326
1_1,Cyclic Voltammetry,46.4138,0.463169,0.463169,1.06E-05,0,2.03E-08,0.0787129
1_1,Cyclic Voltammetry,46.5134,0.464218,0.464218,1.08E-05,0,2.06E-08,0.0786488
1_1,Cyclic Voltammetry,46.613,0.465184,0.465184,1.10E-05,0,2.09E-08,0.0785692
1_1,Cyclic Voltammetry,46.7126,0.466137,0.466137,1.11E-05,0,2.12E-08,0.0785065
1_1,Cyclic Voltammetry,46.8122,0.467115,0.467115,1.12E-05,0,2.15E-08,0.0784574
1_1,Cyclic Voltammetry,46.9118,0.468121,0.468121,1.13E-05,0,2.18E-08,0.0784391
1_1,Cyclic Voltammetry,47.0114,0.469129,0.469129,1.14E-05,0,2.21E-08,0.0783904
1_1,Cyclic Voltammetry,47.111,0.470118,0.470118,1.15E-05,0,2.24E-08,0.0783418
1_1,Cyclic Voltammetry,47.2106,0.471141,0.471141,1.16E-05,0,2.27E-08,0.0783589
1_1,Cyclic Voltammetry,47.3102,0.472123,0.472123,1.16E-05,0,2.31E-08,0.0783456
1_1,Cyclic Voltammetry,47.4098,0.473139,0.473139,1.16E-05,0,2.34E-08,0.0782801
1_1,Cyclic Voltammetry,47.5094,0.47415,0.47415,1.17E-05,0,2.37E-08,0.0782768
1_1,Cyclic Voltammetry,47.609,0.475117,0.475117,1.17E-05,0,2.40E-08,0.078271
1_1,Cyclic Voltammetry,47.7086,0.476089,0.476089,1.16E-05,0,2.43E-08,0.0782747
1_1,Cyclic Voltammetry,47.8082,0.477112,0.477112,1.16E-05,0,2.47E-08,0.0781996
1_1,Cyclic Voltammetry,47.9078,0.478103,0.478103,1.15E-05,0,2.50E-08,0.078155
1_1,Cyclic Voltammetry,48.0074,0.479112,0.479112,1.15E-05,0,2.53E-08,0.0781442
1_1,Cyclic Voltammetry,48.107,0.480095,0.480095,1.14E-05,0,2.56E-08,0.0781224
1_1,Cyclic Voltammetry,48.2066,0.48109,0.48109,1.14E-05,0,2.59E-08,0.0780603
1_1,Cyclic Voltammetry,48.3062,0.482066,0.482066,1.13E-05,0,2.62E-08,0.0779922
1_1,Cyclic Voltammetry,48.4058,0.483096,0.483096,1.13E-05,0,2.66E-08,0.077949
1_1,Cyclic Voltammetry,48.5054,0.484053,0.484053,1.12E-05,0,2.69E-08,0.0779293
1_1,Cyclic Voltammetry,48.605,0.485052,0.485052,1.12E-05,0,2.72E-08,0.0778806
1_1,Cyclic Voltammetry,48.7046,0.48607,0.48607,1.11E-05,0,2.75E-08,0.0779172
1_1,Cyclic Voltammetry,48.8042,0.48706,0.48706,1.11E-05,0,2.78E-08,0.0778939
1_1,Cyclic Voltammetry,48.9038,0.488048,0.488048,1.11E-05,0,2.81E-08,0.0778762
1_1,Cyclic Voltammetry,49.0034,0.489071,0.489071,1.11E-05,0,2.84E-08,0.0778076
1_1,Cyclic Voltammetry,49.103,0.490062,0.490062,1.11E-05,0,2.87E-08,0.0777659
1_1,Cyclic Voltammetry,49.2026,0.491044,0.491044,1.12E-05,0,2.90E-08,0.0777003
1_1,Cyclic Voltammetry,49.3022,0.49206,0.49206,1.12E-05,0,2.93E-08,0.0776561
1_1,Cyclic Voltammetry,49.4018,0.493035,0.493035,1.13E-05,0,2.96E-08,0.0776214
1_1,Cyclic Voltammetry,49.5014,0.494031,0.494031,1.13E-05,0,3.00E-08,0.0775832
1_1,Cyclic Voltammetry,49.601,0.495041,0.495041,1.14E-05,0,3.03E-08,0.0775275
1_1,Cyclic Voltammetry,49.7006,0.496038,0.496038,1.15E-05,0,3.06E-08,0.0774654
1_1,Cyclic Voltammetry,49.8002,0.497019,0.497019,1.16E-05,0,3.09E-08,0.0774131
1_1,Cyclic Voltammetry,49.8998,0.498016,0.498016,1.17E-05,0,3.12E-08,0.0773371
1_1,Cyclic Voltammetry,49.9994,0.499032,0.499032,1.19E-05,0,3.16E-08,0.077278
1_1,Cyclic Voltammetry,50.099,0.499981,0.499981,1.20E-05,0,3.19E-08,0.0772198
1_1,Cyclic Voltammetry,50.1986,0.500987,0.500987,1.22E-05,0,3.22E-08,0.0771458
1_1,Cyclic Voltammetry,50.2982,0.502003,0.502003,1.23E-05,0,3.26E-08,0.0771683
1_1,Cyclic Voltammetry,50.3978,0.502992,0.502992,1.24E-05,0,3.29E-08,0.0771415
1_1,Cyclic Voltammetry,50.4974,0.504026,0.504026,1.25E-05,0,3.32E-08,0.0770534
1_1,Cyclic Voltammetry,50.597,0.505045,0.505045,1.25E-05,0,3.36E-08,0.0769993
1_1,Cyclic Voltammetry,50.6966,0.506032,0.506032,1.27E-05,0,3.39E-08,0.0769681
1_1,Cyclic Voltammetry,50.7962,0.507018,0.507018,1.28E-05,0,3.43E-08,0.0769383
1_1,Cyclic Voltammetry,50.8958,0.508004,0.508004,1.28E-05,0,3.46E-08,0.0768813
1_1,Cyclic Voltammetry,50.9954,0.509004,0.509004,1.29E-05,0,3.50E-08,0.0768455
1_1,Cyclic Voltammetry,51.095,0.509923,0.509923,1.27E-05,0,3.54E-08,0.0767601
1_1,Cyclic Voltammetry,51.1946,0.510883,0.510883,1.28E-05,0,3.57E-08,0.0767299
1_1,Cyclic Voltammetry,51.2942,0.511881,0.511881,1.28E-05,0,3.61E-08,0.0767341
1_1,Cyclic Voltammetry,51.3938,0.512873,0.512873,1.28E-05,0,3.64E-08,0.0766905
1_1,Cyclic Voltammetry,51.4934,0.513913,0.513913,1.28E-05,0,3.68E-08,0.0766567
1_1,Cyclic Voltammetry,51.593,0.514924,0.514924,1.27E-05,0,3.71E-08,0.0765971
1_1,Cyclic Voltammetry,51.6926,0.515928,0.515928,1.26E-05,0,3.75E-08,0.0765624
1_1,Cyclic Voltammetry,51.7922,0.516899,0.516899,1.25E-05,0,3.78E-08,0.0765442
1_1,Cyclic Voltammetry,51.8918,0.517895,0.517895,1.24E-05,0,3.82E-08,0.0765394
1_1,Cyclic Voltammetry,51.9914,0.518929,0.518929,1.23E-05,0,3.85E-08,0.0765376
1_1,Cyclic Voltammetry,52.091,0.519928,0.519928,1.21E-05,0,3.88E-08,0.0764944
1_1,Cyclic Voltammetry,52.1906,0.520883,0.520883,1.20E-05,0,3.92E-08,0.0764657
1_1,Cyclic Voltammetry,52.2902,0.521904,0.521904,1.19E-05,0,3.95E-08,0.0764355
1_1,Cyclic Voltammetry,52.3898,0.522894,0.522894,1.17E-05,0,3.98E-08,0.0763958
1_1,Cyclic Voltammetry,52.4894,0.523896,0.523896,1.16E-05,0,4.02E-08,0.0763766
1_1,Cyclic Voltammetry,52.589,0.52492,0.52492,1.15E-05,0,4.05E-08,0.076312
1_1,Cyclic Voltammetry,52.6886,0.525921,0.525921,1.14E-05,0,4.08E-08,0.0762564
1_1,Cyclic Voltammetry,52.7882,0.526881,0.526881,1.13E-05,0,4.11E-08,0.0762237
1_1,Cyclic Voltammetry,52.8878,0.527843,0.527843,1.11E-05,0,4.14E-08,0.0762348
1_1,Cyclic Voltammetry,52.9874,0.528813,0.528813,1.10E-05,0,4.17E-08,0.0762301
1_1,Cyclic Voltammetry,53.087,0.529814,0.529814,1.10E-05,0,4.20E-08,0.0761934
1_1,Cyclic Voltammetry,53.1866,0.530849,0.530849,1.09E-05,0,4.23E-08,0.0761502
1_1,Cyclic Voltammetry,53.2862,0.531864,0.531864,1.09E-05,0,4.26E-08,0.0761165
1_1,Cyclic Voltammetry,53.3858,0.532822,0.532822,1.09E-05,0,4.29E-08,0.0760618
1_1,Cyclic Voltammetry,53.4854,0.533812,0.533812,1.09E-05,0,4.32E-08,0.0760565
1_1,Cyclic Voltammetry,53.585,0.534825,0.534825,1.09E-05,0,4.35E-08,0.0759959
1_1,Cyclic Voltammetry,53.6846,0.535795,0.535795,1.09E-05,0,4.38E-08,0.0759567
1_1,Cyclic Voltammetry,53.7842,0.536781,0.536781,1.10E-05,0,4.42E-08,0.0759051
1_1,Cyclic Voltammetry,53.8838,0.537761,0.537761,1.10E-05,0,4.45E-08,0.0758419
1_1,Cyclic Voltammetry,53.9834,0.538737,0.538737,1.11E-05,0,4.48E-08,0.0758116
1_1,Cyclic Voltammetry,54.083,0.539771,0.539771,1.12E-05,0,4.51E-08,0.0757844
1_1,Cyclic Voltammetry,54.1826,0.540778,0.540778,1.13E-05,0,4.54E-08,0.0757064
1_1,Cyclic Voltammetry,54.2822,0.541733,0.541733,1.14E-05,0,4.57E-08,0.0756637
1_1,Cyclic Voltammetry,54.3818,0.542733,0.542733,1.15E-05,0,4.60E-08,0.0756204
1_1,Cyclic Voltammetry,54.4814,0.543688,0.543688,1.16E-05,0,4.63E-08,0.0755782
1_1,Cyclic Voltammetry,54.581,0.544667,0.544667,1.17E-05,0,4.67E-08,0.075535
1_1,Cyclic Voltammetry,54.6806,0.545733,0.545733,1.18E-05,0,4.70E-08,0.075459
1_1,Cyclic Voltammetry,54.7802,0.546715,0.546715,1.19E-05,0,4.73E-08,0.0753845
1_1,Cyclic Voltammetry,54.8798,0.547699,0.547699,1.20E-05,0,4.76E-08,0.0753716
1_1,Cyclic Voltammetry,54.9794,0.548699,0.548699,1.21E-05,0,4.80E-08,0.0753677
1_1,Cyclic Voltammetry,55.079,0.549681,0.549681,1.21E-05,0,4.83E-08,0.0753176
1_1,Cyclic Voltammetry,55.1786,0.55068,0.55068,1.22E-05,0,4.86E-08,0.0752909
1_1,Cyclic Voltammetry,55.2782,0.551688,0.551688,1.22E-05,0,4.90E-08,0.0752727
1_1,Cyclic Voltammetry,55.3778,0.552707,0.552707,1.22E-05,0,4.93E-08,0.0751857
1_1,Cyclic Voltammetry,55.4774,0.553677,0.553677,1.22E-05,0,4.97E-08,0.0751894
1_1,Cyclic Voltammetry,55.577,0.554678,0.554678,1.22E-05,0,5.00E-08,0.0751741
1_1,Cyclic Voltammetry,55.6766,0.555702,0.555702,1.22E-05,0,5.03E-08,0.0751374
1_1,Cyclic Voltammetry,55.7762,0.556713,0.556713,1.22E-05,0,5.07E-08,0.0751357
1_1,Cyclic Voltammetry,55.8758,0.557723,0.557723,1.21E-05,0,5.10E-08,0.075098
1_1,Cyclic Voltammetry,55.9754,0.558717,0.558717,1.21E-05,0,5.13E-08,0.0750304
1_1,Cyclic Voltammetry,56.075,0.559675,0.559675,1.20E-05,0,5.17E-08,0.0750202
1_1,Cyclic Voltammetry,56.1746,0.560678,0.560678,1.19E-05,0,5.20E-08,0.0750324
1_1,Cyclic Voltammetry,56.2742,0.561663,0.561663,1.18E-05,0,5.23E-08,0.0749847
1_1,Cyclic Voltammetry,56.3738,0.562657,0.562657,1.17E-05,0,5.27E-08,0.0749381
1_1,Cyclic Voltammetry,56.4734,0.563632,0.563632,1.16E-05,0,5.30E-08,0.0749368
1_1,Cyclic Voltammetry,56.573,0.564613,0.564613,1.15E-05,0,5.33E-08,0.0749395
1_1,Cyclic Voltammetry,56.6726,0.565626,0.565626,1.15E-05,0,5.36E-08,0.0748908
1_1,Cyclic Voltammetry,56.7722,0.566636,0.566636,1.14E-05,0,5.39E-08,0.0748765
1_1,Cyclic Voltammetry,56.8718,0.567662,0.567662,1.13E-05,0,5.42E-08,0.0748523
1_1,Cyclic Voltammetry,56.9714,0.568677,0.568677,1.12E-05,0,5.46E-08,0.0748325
1_1,Cyclic Voltammetry,57.071,0.569637,0.569637,1.12E-05,0,5.49E-08,0.0748123
1_1,Cyclic Voltammetry,57.1706,0.570637,0.570637,1.11E-05,0,5.52E-08,0.0747333
1_1,Cyclic Voltammetry,57.2702,0.571626,0.571626,1.11E-05,0,5.55E-08,0.0747016
1_1,Cyclic Voltammetry,57.3698,0.572609,0.572609,1.11E-05,0,5.58E-08,0.0746833
1_1,Cyclic Voltammetry,57.4694,0.573588,0.573588,1.11E-05,0,5.61E-08,0.0746596
1_1,Cyclic Voltammetry,57.569,0.574571,0.574571,1.11E-05,0,5.64E-08,0.0746114
1_1,Cyclic Voltammetry,57.6686,0.575567,0.575567,1.12E-05,0,5.67E-08,0.0745522
1_1,Cyclic Voltammetry,57.7682,0.576582,0.576582,1.13E-05,0,5.70E-08,0.0744971
1_1,Cyclic Voltammetry,57.8678,0.577578,0.577578,1.13E-05,0,5.73E-08,0.0744729
1_1,Cyclic Voltammetry,57.9674,0.578571,0.578571,1.14E-05,0,5.77E-08,0.0744447
1_1,Cyclic Voltammetry,58.067,0.579566,0.579566,1.15E-05,0,5.80E-08,0.0743775
1_1,Cyclic Voltammetry,58.1666,0.580562,0.580562,1.16E-05,0,5.83E-08,0.0743173
1_1,Cyclic Voltammetry,58.2662,0.581575,0.581575,1.18E-05,0,5.86E-08,0.0742676
1_1,Cyclic Voltammetry,58.3658,0.582572,0.582572,1.19E-05,0,5.89E-08,0.0742553
1_1,Cyclic Voltammetry,58.4654,0.583563,0.583563,1.21E-05,0,5.93E-08,0.0742038
1_1,Cyclic Voltammetry,58.565,0.584534,0.584534,1.23E-05,0,5.96E-08,0.0741307
1_1,Cyclic Voltammetry,58.6646,0.585579,0.585579,1.24E-05,0,6.00E-08,0.0740884
1_1,Cyclic Voltammetry,58.7642,0.586568,0.586568,1.25E-05,0,6.03E-08,0.0740293
1_1,Cyclic Voltammetry,58.8638,0.587541,0.587541,1.26E-05,0,6.06E-08,0.0740235
1_1,Cyclic Voltammetry,58.9634,0.588531,0.588531,1.28E-05,0,6.10E-08,0.0739565
1_1,Cyclic Voltammetry,59.063,0.589496,0.589496,1.29E-05,0,6.13E-08,0.0739213
1_1,Cyclic Voltammetry,59.1626,0.590486,0.590486,1.31E-05,0,6.17E-08,0.0738592
1_1,Cyclic Voltammetry,59.2622,0.591472,0.591472,1.32E-05,0,6.21E-08,0.073797
1_1,Cyclic Voltammetry,59.3618,0.592463,0.592463,1.33E-05,0,6.24E-08,0.0737617
1_1,Cyclic Voltammetry,59.4614,0.593471,0.593471,1.34E-05,0,6.28E-08,0.073761
1_1,Cyclic Voltammetry,59.561,0.594502,0.594502,1.34E-05,0,6.32E-08,0.0737557
1_1,Cyclic Voltammetry,59.6606,0.595508,0.595508,1.35E-05,0,6.36E-08,0.0736951
1_1,Cyclic Voltammetry,59.7602,0.596482,0.596482,1.35E-05,0,6.39E-08,0.0736175
1_1,Cyclic Voltammetry,59.8598,0.597493,0.597493,1.35E-05,0,6.43E-08,0.0735708
1_1,Cyclic Voltammetry,59.9594,0.598486,0.598486,1.35E-05,0,6.47E-08,0.0735516
1_1,Cyclic Voltammetry,60.0589,0.599458,0.599458,1.35E-05,0,6.50E-08,0.0735371
1_1,Cyclic Voltammetry,60.1588,0.600036,0.600036,1.20E-05,0,6.54E-08,0.0735344
1_1,Cyclic Voltammetry,60.2584,0.599237,0.599237,9.58E-06,0,6.57E-08,0.0735438
1_1,Cyclic Voltammetry,60.358,0.598266,0.598266,8.67E-06,0,6.60E-08,0.0735375
1_1,Cyclic Voltammetry,60.4576,0.597264,0.597264,8.00E-06,0,6.62E-08,0.0735627
1_1,Cyclic Voltammetry,60.5572,0.596284,0.596284,7.44E-06,0,6.64E-08,0.0736487
1_1,Cyclic Voltammetry,60.6568,0.595292,0.595292,6.91E-06,0,6.66E-08,0.0736545
1_1,Cyclic Voltammetry,60.7564,0.594287,0.594287,6.44E-06,0,6.68E-08,0.0736578
1_1,Cyclic Voltammetry,60.856,0.593293,0.593293,6.01E-06,0,6.70E-08,0.073671
1_1,Cyclic Voltammetry,60.9556,0.59227,0.59227,5.66E-06,0,6.71E-08,0.0736315
1_1,Cyclic Voltammetry,61.0552,0.591246,0.591246,5.29E-06,0,6.73E-08,0.0736571
1_1,Cyclic Voltammetry,61.1548,0.590319,0.590319,4.95E-06,0,6.74E-08,0.0736629
1_1,Cyclic Voltammetry,61.2544,0.589346,0.589346,4.64E-06,0,6.75E-08,0.073715
1_1,Cyclic Voltammetry,61.354,0.588341,0.588341,4.29E-06,0,6.77E-08,0.0736999
1_1,Cyclic Voltammetry,61.4536,0.587359,0.587359,3.98E-06,0,6.78E-08,0.0737165
1_1,Cyclic Voltammetry,61.5532,0.586342,0.586342,3.72E-06,0,6.79E-08,0.0737118
1_1,Cyclic Voltammetry,61.6528,0.585357,0.585357,3.50E-06,0,6.80E-08,0.0737255
1_1,Cyclic Voltammetry,61.7524,0.584378,0.584378,3.32E-06,0,6.81E-08,0.0737317
1_1,Cyclic Voltammetry,61.852,0.58337,0.58337,3.13E-06,0,6.82E-08,0.0737494
1_1,Cyclic Voltammetry,61.9516,0.582359,0.582359,2.97E-06,0,6.83E-08,0.0737058
1_1,Cyclic Voltammetry,62.0512,0.58137,0.58137,2.83E-06,0,6.83E-08,0.0736886
1_1,Cyclic Voltammetry,62.1508,0.580383,0.580383,2.69E-06,0,6.84E-08,0.0736738
1_1,Cyclic Voltammetry,62.2504,0.579352,0.579352,2.58E-06,0,6.85E-08,0.0736817
1_1,Cyclic Voltammetry,62.35,0.578346,0.578346,2.49E-06,0,6.86E-08,0.0737109
1_1,Cyclic Voltammetry,62.4496,0.577387,0.577387,2.43E-06,0,6.86E-08,0.0737116
1_1,Cyclic Voltammetry,62.5492,0.576352,0.576352,2.36E-06,0,6.87E-08,0.0736979
1_1,Cyclic Voltammetry,62.6488,0.575382,0.575382,2.34E-06,0,6.88E-08,0.0737116
1_1,Cyclic Voltammetry,62.7484,0.574399,0.574399,2.35E-06,0,6.88E-08,0.0737114
1_1,Cyclic Voltammetry,62.848,0.573405,0.573405,2.33E-06,0,6.89E-08,0.0737192
1_1,Cyclic Voltammetry,62.9476,0.572423,0.572423,2.31E-06,0,6.89E-08,0.0737194
1_1,Cyclic Voltammetry,63.0472,0.57145,0.57145,2.28E-06,0,6.90E-08,0.0737072
1_1,Cyclic Voltammetry,63.1468,0.570417,0.570417,2.24E-06,0,6.91E-08,0.0737174
1_1,Cyclic Voltammetry,63.2464,0.56949,0.56949,2.22E-06,0,6.91E-08,0.0737565
1_1,Cyclic Voltammetry,63.346,0.568466,0.568466,2.18E-06,0,6.92E-08,0.0737374
1_1,Cyclic Voltammetry,63.4456,0.567443,0.567443,2.19E-06,0,6.93E-08,0.0737133
1_1,Cyclic Voltammetry,63.5452,0.566445,0.566445,2.20E-06,0,6.93E-08,0.0737294
1_1,Cyclic Voltammetry,63.6448,0.565419,0.565419,2.16E-06,0,6.94E-08,0.0737581
1_1,Cyclic Voltammetry,63.7444,0.564413,0.564413,2.10E-06,0,6.94E-08,0.0737564
1_1,Cyclic Voltammetry,63.844,0.56346,0.56346,2.04E-06,0,6.95E-08,0.0737298
1_1,Cyclic Voltammetry,63.9436,0.562459,0.562459,1.95E-06,0,6.95E-08,0.0737446
1_1,Cyclic Voltammetry,64.0432,0.561487,0.561487,1.85E-06,0,6.96E-08,0.0737902
1_1,Cyclic Voltammetry,64.1428,0.560503,0.560503,1.71E-06,0,6.96E-08,0.0738602
1_1,Cyclic Voltammetry,64.2424,0.559518,0.559518,1.62E-06,0,6.97E-08,0.073859
1_1,Cyclic Voltammetry,64.342,0.558523,0.558523,1.52E-06,0,6.97E-08,0.0738708
1_1,Cyclic Voltammetry,64.4416,0.557551,0.557551,1.38E-06,0,6.98E-08,0.0738482
1_1,Cyclic Voltammetry,64.5412,0.556532,0.556532,1.22E-06,0,6.98E-08,0.0739162
1_1,Cyclic Voltammetry,64.6408,0.555532,0.555532,1.09E-06,0,6.98E-08,0.0739654
1_1,Cyclic Voltammetry,64.7404,0.554525,0.554525,9.05E-07,0,6.99E-08,0.0739522
1_1,Cyclic Voltammetry,64.84,0.553571,0.553571,7.26E-07,0,6.99E-08,0.0739719
1_1,Cyclic Voltammetry,64.9396,0.552546,0.552546,5.09E-07,0,6.99E-08,0.0739787
1_1,Cyclic Voltammetry,65.0392,0.551548,0.551548,3.10E-07,0,6.99E-08,0.0740119
1_1,Cyclic Voltammetry,65.1388,0.550544,0.550544,1.32E-07,0,6.99E-08,0.0740551
1_1,Cyclic Voltammetry,65.2384,0.549518,0.549518,-1.92E-09,0,6.99E-08,0.0740942
1_1,Cyclic Voltammetry,65.338,0.548541,0.548541,-1.64E-07,0,6.99E-08,0.074101
1_1,Cyclic Voltammetry,65.4376,0.547577,0.547577,-3.25E-07,0,6.99E-08,0.0741232
1_1,Cyclic Voltammetry,65.5372,0.546584,0.546584,-4.61E-07,0,6.99E-08,0.0741275
1_1,Cyclic Voltammetry,65.6368,0.545547,0.545547,-6.34E-07,0,6.99E-08,0.0741337
1_1,Cyclic Voltammetry,65.7364,0.544583,0.544583,-8.12E-07,0,6.99E-08,0.0741889
1_1,Cyclic Voltammetry,65.836,0.543552,0.543552,-9.52E-07,0,6.99E-08,0.0741906
1_1,Cyclic Voltammetry,65.9356,0.54257,0.54257,-1.06E-06,0,6.98E-08,0.0741895
1_1,Cyclic Voltammetry,66.0352,0.541587,0.541587,-1.12E-06,0,6.98E-08,0.0742271
1_1,Cyclic Voltammetry,66.1348,0.540585,0.540585,-1.21E-06,0,6.98E-08,0.0742578
1_1,Cyclic Voltammetry,66.2344,0.53958,0.53958,-1.27E-06,0,6.97E-08,0.0743094
1_1,Cyclic Voltammetry,66.334,0.538562,0.538562,-1.29E-06,0,6.97E-08,0.0743092
1_1,Cyclic Voltammetry,66.4336,0.537575,0.537575,-1.31E-06,0,6.97E-08,0.0742786
1_1,Cyclic Voltammetry,66.5332,0.536621,0.536621,-1.34E-06,0,6.96E-08,0.0742644
1_1,Cyclic Voltammetry,66.6328,0.535635,0.535635,-1.36E-06,0,6.96E-08,0.0742846
1_1,Cyclic Voltammetry,66.7324,0.534645,0.534645,-1.36E-06,0,6.95E-08,0.0743293
1_1,Cyclic Voltammetry,66.832,0.533636,0.533636,-1.34E-06,0,6.95E-08,0.0743769
1_1,Cyclic Voltammetry,66.9316,0.532673,0.532673,-1.30E-06,0,6.95E-08,0.0743931
1_1,Cyclic Voltammetry,67.0312,0.531667,0.531667,-1.24E-06,0,6.94E-08,0.0743355
1_1,Cyclic Voltammetry,67.1308,0.530637,0.530637,-1.17E-06,0,6.94E-08,0.0743214
1_1,Cyclic Voltammetry,67.2304,0.529603,0.529603,-1.10E-06,0,6.94E-08,0.0743586
1_1,Cyclic Voltammetry,67.33,0.528646,0.528646,-1.03E-06,0,6.93E-08,0.0743929
1_1,Cyclic Voltammetry,67.4296,0.527677,0.527677,-1.02E-06,0,6.93E-08,0.0744035
1_1,Cyclic Voltammetry,67.5292,0.526719,0.526719,-9.81E-07,0,6.93E-08,0.074352
1_1,Cyclic Voltammetry,67.6288,0.525728,0.525728,-9.42E-07,0,6.93E-08,0.0743601
1_1,Cyclic Voltammetry,67.7284,0.524719,0.524719,-8.98E-07,0,6.92E-08,0.0743704
1_1,Cyclic Voltammetry,67.828,0.523736,0.523736,-8.28E-07,0,6.92E-08,0.0743941
1_1,Cyclic Voltammetry,67.9276,0.522689,0.522689,-8.06E-07,0,6.92E-08,0.0744307
1_1,Cyclic Voltammetry,68.0272,0.521702,0.521702,-7.49E-07,0,6.92E-08,0.0744399
1_1,Cyclic Voltammetry,68.1268,0.520719,0.520719,-7.82E-07,0,6.91E-08,0.0744288
1_1,Cyclic Voltammetry,68.2264,0.519723,0.519723,-7.98E-07,0,6.91E-08,0.074441
1_1,Cyclic Voltammetry,68.326,0.518718,0.518718,-8.38E-07,0,6.91E-08,0.0744388
1_1,Cyclic Voltammetry,68.4256,0.51771,0.51771,-8.76E-07,0,6.91E-08,0.07448
1_1,Cyclic Voltammetry,68.5252,0.516706,0.516706,-9.46E-07,0,6.91E-08,0.0745516
1_1,Cyclic Voltammetry,68.6248,0.515719,0.515719,-1.02E-06,0,6.90E-08,0.0745803
1_1,Cyclic Voltammetry,68.7244,0.514734,0.514734,-1.09E-06,0,6.90E-08,0.0745911
1_1,Cyclic Voltammetry,68.824,0.513758,0.513758,-1.13E-06,0,6.90E-08,0.0746307
1_1,Cyclic Voltammetry,68.9236,0.512697,0.512697,-1.26E-06,0,6.89E-08,0.0746774
1_1,Cyclic Voltammetry,69.0232,0.511706,0.511706,-1.38E-06,0,6.89E-08,0.0747126
1_1,Cyclic Voltammetry,69.1228,0.510715,0.510715,-1.50E-06,0,6.89E-08,0.0747064
1_1,Cyclic Voltammetry,69.2224,0.509795,0.509795,-1.53E-06,0,6.88E-08,0.0747092
1_1,Cyclic Voltammetry,69.322,0.508852,0.508852,-1.75E-06,0,6.88E-08,0.0747537
1_1,Cyclic Voltammetry,69.4216,0.507835,0.507835,-1.95E-06,0,6.87E-08,0.0748482
1_1,Cyclic Voltammetry,69.5212,0.506842,0.506842,-2.08E-06,0,6.87E-08,0.0749204
1_1,Cyclic Voltammetry,69.6208,0.505858,0.505858,-2.21E-06,0,6.86E-08,0.0749471
1_1,Cyclic Voltammetry,69.7204,0.504863,0.504863,-2.33E-06,0,6.85E-08,0.0749439
1_1,Cyclic Voltammetry,69.82,0.503845,0.503845,-2.46E-06,0,6.85E-08,0.0749651
1_1,Cyclic Voltammetry,69.9196,0.50283,0.50283,-2.56E-06,0,6.84E-08,0.0749564
1_1,Cyclic Voltammetry,70.0192,0.501809,0.501809,-2.70E-06,0,6.83E-08,0.0749847
1_1,Cyclic Voltammetry,70.1188,0.500831,0.500831,-2.82E-06,0,6.83E-08,0.0750264
1_1,Cyclic Voltammetry,70.2184,0.499873,0.499873,-2.93E-06,0,6.82E-08,0.0750486
1_1,Cyclic Voltammetry,70.318,0.498863,0.498863,-3.02E-06,0,6.81E-08,0.0750588
1_1,Cyclic Voltammetry,70.4176,0.497863,0.497863,-3.07E-06,0,6.80E-08,0.0750691
1_1,Cyclic Voltammetry,70.5172,0.496874,0.496874,-3.09E-06,0,6.79E-08,0.0750983
1_1,Cyclic Voltammetry,70.6168,0.495871,0.495871,-3.14E-06,0,6.78E-08,0.0751385
1_1,Cyclic Voltammetry,70.7164,0.494871,0.494871,-3.15E-06,0,6.77E-08,0.0751457
1_1,Cyclic Voltammetry,70.816,0.4939,0.4939,-3.15E-06,0,6.77E-08,0.0751639
1_1,Cyclic Voltammetry,70.9156,0.492899,0.492899,-3.15E-06,0,6.76E-08,0.0751802
1_1,Cyclic Voltammetry,71.0152,0.491912,0.491912,-3.14E-06,0,6.75E-08,0.0751869
1_1,Cyclic Voltammetry,71.1148,0.490923,0.490923,-3.12E-06,0,6.74E-08,0.0752221
1_1,Cyclic Voltammetry,71.2144,0.489912,0.489912,-3.09E-06,0,6.73E-08,0.0752588
1_1,Cyclic Voltammetry,71.314,0.488915,0.488915,-3.02E-06,0,6.72E-08,0.0752769
1_1,Cyclic Voltammetry,71.4136,0.487917,0.487917,-2.95E-06,0,6.71E-08,0.0752578
1_1,Cyclic Voltammetry,71.5132,0.486892,0.486892,-2.85E-06,0,6.71E-08,0.0752237
1_1,Cyclic Voltammetry,71.6128,0.485884,0.485884,-2.76E-06,0,6.70E-08,0.0752304
1_1,Cyclic Voltammetry,71.7124,0.484903,0.484903,-2.68E-06,0,6.69E-08,0.0752407
1_1,Cyclic Voltammetry,71.812,0.483884,0.483884,-2.64E-06,0,6.68E-08,0.0752605
1_1,Cyclic Voltammetry,71.9116,0.482907,0.482907,-2.60E-06,0,6.68E-08,0.0752313
1_1,Cyclic Voltammetry,72.0112,0.481916,0.481916,-2.52E-06,0,6.67E-08,0.075254
1_1,Cyclic Voltammetry,72.1108,0.480937,0.480937,-2.47E-06,0,6.66E-08,0.0752677
1_1,Cyclic Voltammetry,72.2104,0.479947,0.479947,-2.40E-06,0,6.66E-08,0.0753303
1_1,Cyclic Voltammetry,72.31,0.478976,0.478976,-2.33E-06,0,6.65E-08,0.0753331
1_1,Cyclic Voltammetry,72.4096,0.477969,0.477969,-2.27E-06,0,6.64E-08,0.0753867
1_1,Cyclic Voltammetry,72.5092,0.476962,0.476962,-2.25E-06,0,6.64E-08,0.0754119
1_1,Cyclic Voltammetry,72.6088,0.475969,0.475969,-2.25E-06,0,6.63E-08,0.0754332
1_1,Cyclic Voltammetry,72.7084,0.474949,0.474949,-2.26E-06,0,6.62E-08,0.0754664
1_1,Cyclic Voltammetry,72.808,0.473976,0.473976,-2.30E-06,0,6.62E-08,0.0755031
1_1,Cyclic Voltammetry,72.9076,0.472975,0.472975,-2.32E-06,0,6.61E-08,0.0755572
1_1,Cyclic Voltammetry,73.0072,0.471978,0.471978,-2.39E-06,0,6.61E-08,0.0755685
1_1,Cyclic Voltammetry,73.1068,0.470972,0.470972,-2.42E-06,0,6.60E-08,0.0755872
1_1,Cyclic Voltammetry,73.2064,0.469979,0.469979,-2.48E-06,0,6.59E-08,0.0756259
1_1,Cyclic Voltammetry,73.306,0.469015,0.469015,-2.54E-06,0,6.58E-08,0.0756418
1_1,Cyclic Voltammetry,73.4056,0.467993,0.467993,-2.64E-06,0,6.58E-08,0.075636
1_1,Cyclic Voltammetry,73.5052,0.466989,0.466989,-2.74E-06,0,6.57E-08,0.0756428
1_1,Cyclic Voltammetry,73.6048,0.465992,0.465992,-2.87E-06,0,6.56E-08,0.0756885
1_1,Cyclic Voltammetry,73.7044,0.465017,0.465017,-3.01E-06,0,6.55E-08,0.0757232
1_1,Cyclic Voltammetry,73.804,0.464011,0.464011,-3.16E-06,0,6.55E-08,0.0757708
1_1,Cyclic Voltammetry,73.9036,0.463017,0.463017,-3.28E-06,0,6.54E-08,0.0758443
1_1,Cyclic Voltammetry,74.0032,0.462014,0.462014,-3.38E-06,0,6.53E-08,0.0759105
1_1,Cyclic Voltammetry,74.1028,0.461021,0.461021,-3.48E-06,0,6.52E-08,0.0759068
1_1,Cyclic Voltammetry,74.2024,0.460004,0.460004,-3.57E-06,0,6.51E-08,0.0759117
1_1,Cyclic Voltammetry,74.302,0.459,0.459,-3.69E-06,0,6.50E-08,0.0759324
1_1,Cyclic Voltammetry,74.4016,0.45799,0.45799,-3.81E-06,0,6.49E-08,0.0759949
1_1,Cyclic Voltammetry,74.5012,0.457001,0.457001,-3.91E-06,0,6.48E-08,0.0760142
1_1,Cyclic Voltammetry,74.6008,0.456011,0.456011,-4.04E-06,0,6.47E-08,0.076035
1_1,Cyclic Voltammetry,74.7004,0.455017,0.455017,-4.11E-06,0,6.46E-08,0.0760463
1_1,Cyclic Voltammetry,74.8,0.454026,0.454026,-4.16E-06,0,6.44E-08,0.076075
1_1,Cyclic Voltammetry,74.8996,0.453035,0.453035,-4.17E-06,0,6.43E-08,0.0761126
1_1,Cyclic Voltammetry,74.9992,0.452052,0.452052,-4.21E-06,0,6.42E-08,0.0761234
1_1,Cyclic Voltammetry,75.0988,0.451055,0.451055,-4.20E-06,0,6.41E-08,0.0761361
1_1,Cyclic Voltammetry,75.1984,0.450054,0.450054,-4.21E-06,0,6.40E-08,0.076121
1_1,Cyclic Voltammetry,75.298,0.449079,0.449079,-4.22E-06,0,6.39E-08,0.0761422
1_1,Cyclic Voltammetry,75.3976,0.448096,0.448096,-4.19E-06,0,6.37E-08,0.0761728
1_1,Cyclic Voltammetry,75.4972,0.447055,0.447055,-4.17E-06,0,6.36E-08,0.0761837
1_1,Cyclic Voltammetry,75.5968,0.446072,0.446072,-4.11E-06,0,6.35E-08,0.0761749
1_1,Cyclic Voltammetry,75.6964,0.445062,0.445062,-4.06E-06,0,6.34E-08,0.0762021
1_1,Cyclic Voltammetry,75.796,0.444057,0.444057,-3.96E-06,0,6.33E-08,0.0762338
1_1,Cyclic Voltammetry,75.8956,0.443076,0.443076,-3.87E-06,0,6.32E-08,0.0762545
1_1,Cyclic Voltammetry,75.9952,0.442086,0.442086,-3.78E-06,0,6.31E-08,0.0762508
1_1,Cyclic Voltammetry,76.0948,0.441039,0.441039,-3.70E-06,0,6.30E-08,0.0762396
1_1,Cyclic Voltammetry,76.1944,0.440042,0.440042,-3.61E-06,0,6.29E-08,0.0762004
1_1,Cyclic Voltammetry,76.294,0.439101,0.439101,-3.56E-06,0,6.28E-08,0.0762177
1_1,Cyclic Voltammetry,76.3936,0.438101,0.438101,-3.49E-06,0,6.27E-08,0.0762713
1_1,Cyclic Voltammetry,76.4932,0.437072,0.437072,-3.44E-06,0,6.26E-08,0.076298
1_1,Cyclic Voltammetry,76.5928,0.436043,0.436043,-3.36E-06,0,6.25E-08,0.0763217
1_1,Cyclic Voltammetry,76.6924,0.43505,0.43505,-3.27E-06,0,6.24E-08,0.0762966
1_1,Cyclic Voltammetry,76.792,0.434123,0.434123,-3.17E-06,0,6.23E-08,0.0763353
1_1,Cyclic Voltammetry,76.8916,0.433122,0.433122,-3.15E-06,0,6.22E-08,0.0763476
1_1,Cyclic Voltammetry,76.9912,0.432102,0.432102,-3.15E-06,0,6.21E-08,0.0764116
1_1,Cyclic Voltammetry,77.0908,0.431057,0.431057,-3.14E-06,0,6.20E-08,0.0764035
1_1,Cyclic Voltammetry,77.1904,0.430078,0.430078,-3.15E-06,0,6.20E-08,0.0764187
1_1,Cyclic Voltammetry,77.29,0.429098,0.429098,-3.16E-06,0,6.19E-08,0.0764399
1_1,Cyclic Voltammetry,77.3896,0.428107,0.428107,-3.19E-06,0,6.18E-08,0.0765081
1_1,Cyclic Voltammetry,77.4892,0.427142,0.427142,-3.24E-06,0,6.17E-08,0.076611
1_1,Cyclic Voltammetry,77.5888,0.426123,0.426123,-3.31E-06,0,6.16E-08,0.0766347
1_1,Cyclic Voltammetry,77.6884,0.425095,0.425095,-3.35E-06,0,6.15E-08,0.0766191
1_1,Cyclic Voltammetry,77.788,0.424092,0.424092,-3.40E-06,0,6.14E-08,0.0766478
1_1,Cyclic Voltammetry,77.8876,0.423105,0.423105,-3.49E-06,0,6.13E-08,0.0767125
1_1,Cyclic Voltammetry,77.9872,0.422123,0.422123,-3.59E-06,0,6.12E-08,0.0767662
1_1,Cyclic Voltammetry,78.0868,0.421112,0.421112,-3.74E-06,0,6.11E-08,0.0767848
1_1,Cyclic Voltammetry,78.1864,0.420114,0.420114,-3.87E-06,0,6.10E-08,0.0767578
1_1,Cyclic Voltammetry,78.286,0.419124,0.419124,-4.00E-06,0,6.09E-08,0.0767676
1_1,Cyclic Voltammetry,78.3856,0.418147,0.418147,-4.10E-06,0,6.08E-08,0.0767918
1_1,Cyclic Voltammetry,78.4852,0.417179,0.417179,-4.19E-06,0,6.07E-08,0.0768799
1_1,Cyclic Voltammetry,78.5848,0.416185,0.416185,-4.27E-06,0,6.06E-08,0.0769026
1_1,Cyclic Voltammetry,78.6844,0.415151,0.415151,-4.38E-06,0,6.04E-08,0.0769203
1_1,Cyclic Voltammetry,78.784,0.41414,0.41414,-4.47E-06,0,6.03E-08,0.0769385
1_1,Cyclic Voltammetry,78.8836,0.413149,0.413149,-4.59E-06,0,6.02E-08,0.0769463
1_1,Cyclic Voltammetry,78.9832,0.412213,0.412213,-4.68E-06,0,6.01E-08,0.0769562
1_1,Cyclic Voltammetry,79.0828,0.4112,0.4112,-4.78E-06,0,5.99E-08,0.0770202
1_1,Cyclic Voltammetry,79.1824,0.410181,0.410181,-4.83E-06,0,5.98E-08,0.0770344
1_1,Cyclic Voltammetry,79.282,0.409207,0.409207,-4.86E-06,0,5.97E-08,0.0770358
1_1,Cyclic Voltammetry,79.3816,0.408189,0.408189,-4.89E-06,0,5.95E-08,0.077058
1_1,Cyclic Voltammetry,79.4812,0.407192,0.407192,-4.89E-06,0,5.94E-08,0.0771281
1_1,Cyclic Voltammetry,79.5808,0.406155,0.406155,-4.89E-06,0,5.93E-08,0.0771488
1_1,Cyclic Voltammetry,79.6804,0.405109,0.405109,-4.88E-06,0,5.91E-08,0.0771744
1_1,Cyclic Voltammetry,79.78,0.404111,0.404111,-4.85E-06,0,5.90E-08,0.0771603
1_1,Cyclic Voltammetry,79.8796,0.403135,0.403135,-4.83E-06,0,5.89E-08,0.0770913
1_1,Cyclic Voltammetry,79.9792,0.402162,0.402162,-4.79E-06,0,5.87E-08,0.0770926
1_1,Cyclic Voltammetry,80.0788,0.401166,0.401166,-4.75E-06,0,5.86E-08,0.0771786
1_1,Cyclic Voltammetry,80.1784,0.400147,0.400147,-4.65E-06,0,5.85E-08,0.0771989
1_1,Cyclic Voltammetry,80.278,0.399143,0.399143,-4.56E-06,0,5.83E-08,0.077222
1_1,Cyclic Voltammetry,80.3776,0.398153,0.398153,-4.45E-06,0,5.82E-08,0.0772113
1_1,Cyclic Voltammetry,80.4772,0.397195,0.397195,-4.36E-06,0,5.81E-08,0.0772404
1_1,Cyclic Voltammetry,80.5768,0.39619,0.39619,-4.26E-06,0,5.80E-08,0.077297
1_1,Cyclic Voltammetry,80.6764,0.395169,0.395169,-4.21E-06,0,5.79E-08,0.0773163
1_1,Cyclic Voltammetry,80.776,0.39418,0.39418,-4.14E-06,0,5.77E-08,0.0772932
1_1,Cyclic Voltammetry,80.8756,0.393185,0.393185,-4.06E-06,0,5.76E-08,0.0772965
1_1,Cyclic Voltammetry,80.9752,0.392217,0.392217,-4.01E-06,0,5.75E-08,0.0773172
1_1,Cyclic Voltammetry,81.0748,0.391228,0.391228,-3.91E-06,0,5.74E-08,0.0773673
1_1,Cyclic Voltammetry,81.1744,0.390225,0.390225,-3.81E-06,0,5.73E-08,0.0774234
1_1,Cyclic Voltammetry,81.274,0.3892,0.3892,-3.75E-06,0,5.72E-08,0.0774447
1_1,Cyclic Voltammetry,81.3736,0.38818,0.38818,-3.71E-06,0,5.71E-08,0.0774365
1_1,Cyclic Voltammetry,81.4732,0.387208,0.387208,-3.71E-06,0,5.70E-08,0.0774129
1_1,Cyclic Voltammetry,81.5728,0.386261,0.386261,-3.71E-06,0,5.69E-08,0.0774381
1_1,Cyclic Voltammetry,81.6724,0.385273,0.385273,-3.71E-06,0,5.68E-08,0.0774882
1_1,Cyclic Voltammetry,81.772,0.384226,0.384226,-3.75E-06,0,5.67E-08,0.0775274
1_1,Cyclic Voltammetry,81.8716,0.383211,0.383211,-3.79E-06,0,5.66E-08,0.0775447
1_1,Cyclic Voltammetry,81.9712,0.382207,0.382207,-3.81E-06,0,5.65E-08,0.0775385
1_1,Cyclic Voltammetry,82.0708,0.381232,0.381232,-3.87E-06,0,5.64E-08,0.0775453
1_1,Cyclic Voltammetry,82.1704,0.380233,0.380233,-3.91E-06,0,5.63E-08,0.0775934
1_1,Cyclic Voltammetry,82.27,0.379207,0.379207,-3.98E-06,0,5.61E-08,0.0776461
1_1,Cyclic Voltammetry,82.3696,0.378195,0.378195,-4.06E-06,0,5.60E-08,0.0776589
1_1,Cyclic Voltammetry,82.4692,0.37722,0.37722,-4.18E-06,0,5.59E-08,0.0776777
1_1,Cyclic Voltammetry,82.5688,0.376242,0.376242,-4.30E-06,0,5.58E-08,0.0776899
1_1,Cyclic Voltammetry,82.6684,0.375262,0.375262,-4.43E-06,0,5.57E-08,0.0777201
1_1,Cyclic Voltammetry,82.768,0.374256,0.374256,-4.55E-06,0,5.56E-08,0.0777593
1_1,Cyclic Voltammetry,82.8676,0.373262,0.373262,-4.63E-06,0,5.54E-08,0.0778354
1_1,Cyclic Voltammetry,82.9672,0.372271,0.372271,-4.72E-06,0,5.53E-08,0.0778571
1_1,Cyclic Voltammetry,83.0668,0.371282,0.371282,-4.80E-06,0,5.52E-08,0.0778799
1_1,Cyclic Voltammetry,83.1664,0.370266,0.370266,-4.89E-06,0,5.50E-08,0.0779165
1_1,Cyclic Voltammetry,83.266,0.369268,0.369268,-5.00E-06,0,5.49E-08,0.0779397
1_1,Cyclic Voltammetry,83.3656,0.368292,0.368292,-5.10E-06,0,5.48E-08,0.0779919
1_1,Cyclic Voltammetry,83.4652,0.367297,0.367297,-5.19E-06,0,5.46E-08,0.0780426
1_1,Cyclic Voltammetry,83.5648,0.366314,0.366314,-5.27E-06,0,5.45E-08,0.0780528
1_1,Cyclic Voltammetry,83.6644,0.36537,0.36537,-5.30E-06,0,5.43E-08,0.078076
1_1,Cyclic Voltammetry,83.764,0.36436,0.36436,-5.31E-06,0,5.42E-08,0.0781141
1_1,Cyclic Voltammetry,83.8636,0.363287,0.363287,-5.34E-06,0,5.40E-08,0.0781408
1_1,Cyclic Voltammetry,83.9632,0.362255,0.362255,-5.35E-06,0,5.39E-08,0.0781896
1_1,Cyclic Voltammetry,84.0628,0.361277,0.361277,-5.34E-06,0,5.37E-08,0.0781794
1_1,Cyclic Voltammetry,84.1624,0.360291,0.360291,-5.33E-06,0,5.36E-08,0.0781922
1_1,Cyclic Voltammetry,84.262,0.359302,0.359302,-5.30E-06,0,5.34E-08,0.0781999
1_1,Cyclic Voltammetry,84.3616,0.358284,0.358284,-5.25E-06,0,5.33E-08,0.0782206
1_1,Cyclic Voltammetry,84.4612,0.357262,0.357262,-5.21E-06,0,5.31E-08,0.0782064
1_1,Cyclic Voltammetry,84.5608,0.356269,0.356269,-5.16E-06,0,5.30E-08,0.0781798
1_1,Cyclic Voltammetry,84.6604,0.355289,0.355289,-5.09E-06,0,5.29E-08,0.0782259
1_1,Cyclic Voltammetry,84.76,0.3543,0.3543,-4.97E-06,0,5.27E-08,0.0782481
1_1,Cyclic Voltammetry,84.8596,0.353266,0.353266,-4.87E-06,0,5.26E-08,0.0782399
1_1,Cyclic Voltammetry,84.9592,0.352273,0.352273,-4.76E-06,0,5.25E-08,0.0782327
1_1,Cyclic Voltammetry,85.0588,0.351279,0.351279,-4.68E-06,0,5.23E-08,0.0782295
1_1,Cyclic Voltammetry,85.1584,0.350319,0.350319,-4.62E-06,0,5.22E-08,0.0782488
1_1,Cyclic Voltammetry,85.258,0.349327,0.349327,-4.56E-06,0,5.21E-08,0.0782829
1_1,Cyclic Voltammetry,85.3576,0.348343,0.348343,-4.48E-06,0,5.19E-08,0.0783036
1_1,Cyclic Voltammetry,85.4572,0.347338,0.347338,-4.39E-06,0,5.18E-08,0.0782964
1_1,Cyclic Voltammetry,85.5568,0.346358,0.346358,-4.30E-06,0,5.17E-08,0.0783256
1_1,Cyclic Voltammetry,85.6564,0.345358,0.345358,-4.24E-06,0,5.16E-08,0.0783528
1_1,Cyclic Voltammetry,85.756,0.344356,0.344356,-4.17E-06,0,5.15E-08,0.0783831
1_1,Cyclic Voltammetry,85.8556,0.343369,0.343369,-4.13E-06,0,5.14E-08,0.0784082
1_1,Cyclic Voltammetry,85.9552,0.342337,0.342337,-4.11E-06,0,5.12E-08,0.0783955
1_1,Cyclic Voltammetry,86.0548,0.341398,0.341398,-4.11E-06,0,5.11E-08,0.0783999
1_1,Cyclic Voltammetry,86.1544,0.340391,0.340391,-4.12E-06,0,5.10E-08,0.0784246
1_1,Cyclic Voltammetry,86.254,0.339473,0.339473,-4.01E-06,0,5.09E-08,0.0784995
1_1,Cyclic Voltammetry,86.3536,0.33849,0.33849,-4.13E-06,0,5.08E-08,0.0785361
1_1,Cyclic Voltammetry,86.4532,0.337462,0.337462,-4.16E-06,0,5.07E-08,0.0785738
1_1,Cyclic Voltammetry,86.5528,0.336464,0.336464,-4.21E-06,0,5.06E-08,0.0785736
1_1,Cyclic Voltammetry,86.6524,0.335464,0.335464,-4.27E-06,0,5.04E-08,0.0785804
1_1,Cyclic Voltammetry,86.752,0.334494,0.334494,-4.34E-06,0,5.03E-08,0.0786335
1_1,Cyclic Voltammetry,86.8516,0.333537,0.333537,-4.43E-06,0,5.02E-08,0.0787037
1_1,Cyclic Voltammetry,86.9512,0.332555,0.332555,-4.54E-06,0,5.01E-08,0.0787453
1_1,Cyclic Voltammetry,87.0508,0.331537,0.331537,-4.64E-06,0,4.99E-08,0.07877
1_1,Cyclic Voltammetry,87.1504,0.330509,0.330509,-4.75E-06,0,4.98E-08,0.0788142
1_1,Cyclic Voltammetry,87.25,0.329527,0.329527,-4.89E-06,0,4.97E-08,0.0788355
1_1,Cyclic Voltammetry,87.3496,0.328538,0.328538,-4.96E-06,0,4.95E-08,0.0789146
1_1,Cyclic Voltammetry,87.4492,0.327554,0.327554,-5.05E-06,0,4.94E-08,0.0789193
1_1,Cyclic Voltammetry,87.5488,0.32651,0.32651,-5.14E-06,0,4.93E-08,0.0789455
1_1,Cyclic Voltammetry,87.6484,0.325492,0.325492,-5.23E-06,0,4.91E-08,0.0789683
1_1,Cyclic Voltammetry,87.748,0.324509,0.324509,-5.31E-06,0,4.90E-08,0.0790105
1_1,Cyclic Voltammetry,87.8476,0.323561,0.323561,-5.40E-06,0,4.88E-08,0.0790003
1_1,Cyclic Voltammetry,87.9472,0.32256,0.32256,-5.51E-06,0,4.87E-08,0.0790499
1_1,Cyclic Voltammetry,88.0468,0.321547,0.321547,-5.57E-06,0,4.85E-08,0.0790527
1_1,Cyclic Voltammetry,88.1464,0.320542,0.320542,-5.62E-06,0,4.84E-08,0.0790426
1_1,Cyclic Voltammetry,88.246,0.319548,0.319548,-5.63E-06,0,4.82E-08,0.0790613
1_1,Cyclic Voltammetry,88.3456,0.318546,0.318546,-5.66E-06,0,4.81E-08,0.0791338
1_1,Cyclic Voltammetry,88.4452,0.317537,0.317537,-5.65E-06,0,4.79E-08,0.0791466
1_1,Cyclic Voltammetry,88.5448,0.31658,0.31658,-5.63E-06,0,4.77E-08,0.0791997
1_1,Cyclic Voltammetry,88.6444,0.315529,0.315529,-5.62E-06,0,4.76E-08,0.0791546
1_1,Cyclic Voltammetry,88.744,0.314559,0.314559,-5.62E-06,0,4.74E-08,0.0791703
1_1,Cyclic Voltammetry,88.8436,0.313582,0.313582,-5.57E-06,0,4.73E-08,0.0791931
1_1,Cyclic Voltammetry,88.9432,0.31258,0.31258,-5.53E-06,0,4.71E-08,0.0792392
1_1,Cyclic Voltammetry,89.0428,0.311617,0.311617,-5.46E-06,0,4.70E-08,0.07923
1_1,Cyclic Voltammetry,89.1424,0.3106,0.3106,-5.39E-06,0,4.68E-08,0.0792443
1_1,Cyclic Voltammetry,89.242,0.30958,0.30958,-5.27E-06,0,4.67E-08,0.0792191
1_1,Cyclic Voltammetry,89.3416,0.308592,0.308592,-5.18E-06,0,4.65E-08,0.0792413
1_1,Cyclic Voltammetry,89.4412,0.307576,0.307576,-5.07E-06,0,4.64E-08,0.0792411
1_1,Cyclic Voltammetry,89.5408,0.306574,0.306574,-4.99E-06,0,4.63E-08,0.0792847
1_1,Cyclic Voltammetry,89.6404,0.305598,0.305598,-4.90E-06,0,4.61E-08,0.0792481
1_1,Cyclic Voltammetry,89.74,0.304613,0.304613,-4.84E-06,0,4.60E-08,0.0793052
1_1,Cyclic Voltammetry,89.8396,0.303648,0.303648,-4.76E-06,0,4.58E-08,0.0792955
1_1,Cyclic Voltammetry,89.9392,0.302658,0.302658,-4.70E-06,0,4.57E-08,0.0793187
1_1,Cyclic Voltammetry,90.0388,0.301678,0.301678,-4.58E-06,0,4.56E-08,0.0793335
1_1,Cyclic Voltammetry,90.1384,0.300687,0.300687,-4.50E-06,0,4.55E-08,0.0793851
1_1,Cyclic Voltammetry,90.238,0.299689,0.299689,-4.43E-06,0,4.53E-08,0.0793379
1_1,Cyclic Voltammetry,90.3376,0.298657,0.298657,-4.42E-06,0,4.52E-08,0.0793516
1_1,Cyclic Voltammetry,90.4372,0.297712,0.297712,-4.39E-06,0,4.51E-08,0.0793914
1_1,Cyclic Voltammetry,90.5368,0.296685,0.296685,-4.40E-06,0,4.50E-08,0.0794455
1_1,Cyclic Voltammetry,90.6364,0.295692,0.295692,-4.40E-06,0,4.49E-08,0.0794553
1_1,Cyclic Voltammetry,90.736,0.294682,0.294682,-4.43E-06,0,4.47E-08,0.0794462
1_1,Cyclic Voltammetry,90.8356,0.293688,0.293688,-4.45E-06,0,4.46E-08,0.0795018
1_1,Cyclic Voltammetry,90.9352,0.292689,0.292689,-4.48E-06,0,4.45E-08,0.0795026
1_1,Cyclic Voltammetry,91.0348,0.291688,0.291688,-4.52E-06,0,4.44E-08,0.0795961
1_1,Cyclic Voltammetry,91.1344,0.290685,0.290685,-4.57E-06,0,4.42E-08,0.0796423
1_1,Cyclic Voltammetry,91.234,0.289698,0.289698,-4.63E-06,0,4.41E-08,0.0796939
1_1,Cyclic Voltammetry,91.3336,0.288725,0.288725,-4.71E-06,0,4.40E-08,0.0796952
1_1,Cyclic Voltammetry,91.4332,0.287739,0.287739,-4.82E-06,0,4.38E-08,0.0797259
1_1,Cyclic Voltammetry,91.5328,0.286756,0.286756,-4.95E-06,0,4.37E-08,0.0797721
1_1,Cyclic Voltammetry,91.6324,0.285749,0.285749,-5.06E-06,0,4.36E-08,0.0798207
1_1,Cyclic Voltammetry,91.732,0.284789,0.284789,-5.16E-06,0,4.34E-08,0.0798734
1_1,Cyclic Voltammetry,91.8316,0.283792,0.283792,-5.25E-06,0,4.33E-08,0.0798906
1_1,Cyclic Voltammetry,91.9312,0.282788,0.282788,-5.33E-06,0,4.31E-08,0.0799363
1_1,Cyclic Voltammetry,92.0308,0.281769,0.281769,-5.43E-06,0,4.30E-08,0.0799814
1_1,Cyclic Voltammetry,92.1304,0.280787,0.280787,-5.52E-06,0,4.28E-08,0.0799778
1_1,Cyclic Voltammetry,92.23,0.279761,0.279761,-5.60E-06,0,4.27E-08,0.0800104
1_1,Cyclic Voltammetry,92.3296,0.278789,0.278789,-5.71E-06,0,4.25E-08,0.0800082
1_1,Cyclic Voltammetry,92.4292,0.277811,0.277811,-5.79E-06,0,4.24E-08,0.0800549
1_1,Cyclic Voltammetry,92.5288,0.276791,0.276791,-5.85E-06,0,4.22E-08,0.0800931
1_1,Cyclic Voltammetry,92.6284,0.275802,0.275802,-5.86E-06,0,4.20E-08,0.0800784
1_1,Cyclic Voltammetry,92.728,0.27481,0.27481,-5.90E-06,0,4.19E-08,0.0800862
1_1,Cyclic Voltammetry,92.8276,0.2738,0.2738,-5.89E-06,0,4.17E-08,0.0800824
1_1,Cyclic Voltammetry,92.9272,0.272823,0.272823,-5.90E-06,0,4.16E-08,0.080155
1_1,Cyclic Voltammetry,93.0268,0.271816,0.271816,-5.89E-06,0,4.14E-08,0.0801533
1_1,Cyclic Voltammetry,93.1264,0.270826,0.270826,-5.89E-06,0,4.12E-08,0.0801666
1_1,Cyclic Voltammetry,93.226,0.269854,0.269854,-5.85E-06,0,4.11E-08,0.0801779
1_1,Cyclic Voltammetry,93.3256,0.268851,0.268851,-5.82E-06,0,4.09E-08,0.0801766
1_1,Cyclic Voltammetry,93.4252,0.267832,0.267832,-5.74E-06,0,4.07E-08,0.0801933
1_1,Cyclic Voltammetry,93.5248,0.266877,0.266877,-5.71E-06,0,4.06E-08,0.0802559
1_1,Cyclic Voltammetry,93.6244,0.26588,0.26588,-5.61E-06,0,4.04E-08,0.0802876
1_1,Cyclic Voltammetry,93.724,0.264851,0.264851,-5.50E-06,0,4.03E-08,0.0802784
1_1,Cyclic Voltammetry,93.8236,0.263854,0.263854,-5.39E-06,0,4.01E-08,0.0802961
1_1,Cyclic Voltammetry,93.9232,0.262868,0.262868,-5.31E-06,0,4.00E-08,0.0802974
1_1,Cyclic Voltammetry,94.0228,0.261856,0.261856,-5.22E-06,0,3.98E-08,0.0802887
1_1,Cyclic Voltammetry,94.1224,0.260874,0.260874,-5.14E-06,0,3.97E-08,0.080294
1_1,Cyclic Voltammetry,94.222,0.259872,0.259872,-5.08E-06,0,3.95E-08,0.0803162
1_1,Cyclic Voltammetry,94.3216,0.258865,0.258865,-5.02E-06,0,3.94E-08,0.0803189
1_1,Cyclic Voltammetry,94.4212,0.257913,0.257913,-4.92E-06,0,3.93E-08,0.0803735
1_1,Cyclic Voltammetry,94.5208,0.256933,0.256933,-4.84E-06,0,3.91E-08,0.0803902
1_1,Cyclic Voltammetry,94.6204,0.255935,0.255935,-4.75E-06,0,3.90E-08,0.0803994
1_1,Cyclic Voltammetry,94.72,0.25493,0.25493,-4.70E-06,0,3.89E-08,0.0804281
1_1,Cyclic Voltammetry,94.8196,0.253902,0.253902,-4.68E-06,0,3.87E-08,0.080414
1_1,Cyclic Voltammetry,94.9192,0.25291,0.25291,-4.67E-06,0,3.86E-08,0.0804363
1_1,Cyclic Voltammetry,95.0188,0.251913,0.251913,-4.65E-06,0,3.85E-08,0.0804669
1_1,Cyclic Voltammetry,95.1184,0.250936,0.250936,-4.66E-06,0,3.84E-08,0.0804747
1_1,Cyclic Voltammetry,95.218,0.249916,0.249916,-4.68E-06,0,3.82E-08,0.0804894
1_1,Cyclic Voltammetry,95.3176,0.248893,0.248893,-4.71E-06,0,3.81E-08,0.0805371
1_1,Cyclic Voltammetry,95.4172,0.247904,0.247904,-4.73E-06,0,3.80E-08,0.0805434
1_1,Cyclic Voltammetry,95.5168,0.246909,0.246909,-4.79E-06,0,3.78E-08,0.080595
1_1,Cyclic Voltammetry,95.6164,0.245908,0.245908,-4.85E-06,0,3.77E-08,0.0806287
1_1,Cyclic Voltammetry,95.716,0.24492,0.24492,-4.90E-06,0,3.76E-08,0.0806416
1_1,Cyclic Voltammetry,95.8156,0.243906,0.243906,-4.99E-06,0,3.74E-08,0.0806474
1_1,Cyclic Voltammetry,95.9152,0.24291,0.24291,-5.10E-06,0,3.73E-08,0.0806915
1_1,Cyclic Voltammetry,96.0148,0.241935,0.241935,-5.22E-06,0,3.71E-08,0.080783
1_1,Cyclic Voltammetry,96.1144,0.240976,0.240976,-5.33E-06,0,3.70E-08,0.0808152
1_1,Cyclic Voltammetry,96.214,0.239958,0.239958,-5.45E-06,0,3.69E-08,0.0808674
1_1,Cyclic Voltammetry,96.3136,0.23895,0.23895,-5.53E-06,0,3.67E-08,0.0808961
1_1,Cyclic Voltammetry,96.4132,0.237921,0.237921,-5.61E-06,0,3.65E-08,0.08089
1_1,Cyclic Voltammetry,96.5128,0.236918,0.236918,-5.69E-06,0,3.64E-08,0.080962
1_1,Cyclic Voltammetry,96.6124,0.235961,0.235961,-5.78E-06,0,3.62E-08,0.0809747
1_1,Cyclic Voltammetry,96.712,0.234991,0.234991,-5.88E-06,0,3.61E-08,0.081001
1_1,Cyclic Voltammetry,96.8116,0.233994,0.233994,-5.98E-06,0,3.59E-08,0.0810078
1_1,Cyclic Voltammetry,96.9112,0.233005,0.233005,-6.07E-06,0,3.57E-08,0.0810634
1_1,Cyclic Voltammetry,97.0108,0.232009,0.232009,-6.11E-06,0,3.56E-08,0.0810582
1_1,Cyclic Voltammetry,97.1104,0.231037,0.231037,-6.14E-06,0,3.54E-08,0.0810928
1_1,Cyclic Voltammetry,97.21,0.23005,0.23005,-6.16E-06,0,3.52E-08,0.0811206
1_1,Cyclic Voltammetry,97.3096,0.228982,0.228982,-6.19E-06,0,3.51E-08,0.0811074
1_1,Cyclic Voltammetry,97.4092,0.227964,0.227964,-6.17E-06,0,3.49E-08,0.0811425
1_1,Cyclic Voltammetry,97.5088,0.227014,0.227014,-6.16E-06,0,3.47E-08,0.0811598
1_1,Cyclic Voltammetry,97.6084,0.226066,0.226066,-6.16E-06,0,3.45E-08,0.0811536
1_1,Cyclic Voltammetry,97.708,0.225092,0.225092,-6.12E-06,0,3.44E-08,0.0811967
1_1,Cyclic Voltammetry,97.8076,0.224108,0.224108,-6.09E-06,0,3.42E-08,0.0812034
1_1,Cyclic Voltammetry,97.9072,0.223077,0.223077,-6.03E-06,0,3.40E-08,0.0812107
1_1,Cyclic Voltammetry,98.0068,0.222106,0.222106,-5.98E-06,0,3.39E-08,0.0812464
1_1,Cyclic Voltammetry,98.1064,0.221093,0.221093,-5.90E-06,0,3.37E-08,0.0812601
1_1,Cyclic Voltammetry,98.206,0.220101,0.220101,-5.78E-06,0,3.36E-08,0.0812629
1_1,Cyclic Voltammetry,98.3056,0.219102,0.219102,-5.67E-06,0,3.34E-08,0.0812836
1_1,Cyclic Voltammetry,98.4052,0.218072,0.218072,-5.60E-06,0,3.32E-08,0.0812724
1_1,Cyclic Voltammetry,98.5048,0.217092,0.217092,-5.50E-06,0,3.31E-08,0.0812657
1_1,Cyclic Voltammetry,98.6044,0.216076,0.216076,-5.44E-06,0,3.29E-08,0.0812585
1_1,Cyclic Voltammetry,98.704,0.215123,0.215123,-5.37E-06,0,3.28E-08,0.0812727
1_1,Cyclic Voltammetry,98.8036,0.214123,0.214123,-5.30E-06,0,3.26E-08,0.081265
1_1,Cyclic Voltammetry,98.9032,0.213083,0.213083,-5.22E-06,0,3.25E-08,0.0812802
1_1,Cyclic Voltammetry,99.0028,0.212072,0.212072,-5.15E-06,0,3.23E-08,0.0813468
1_1,Cyclic Voltammetry,99.1024,0.21109,0.21109,-5.05E-06,0,3.22E-08,0.0813596
1_1,Cyclic Voltammetry,99.202,0.21008,0.21008,-4.99E-06,0,3.21E-08,0.0813858
1_1,Cyclic Voltammetry,99.3016,0.209092,0.209092,-4.97E-06,0,3.19E-08,0.0813836
1_1,Cyclic Voltammetry,99.4012,0.208122,0.208122,-4.97E-06,0,3.18E-08,0.0813819
1_1,Cyclic Voltammetry,99.5008,0.207114,0.207114,-4.97E-06,0,3.17E-08,0.0814341
1_1,Cyclic Voltammetry,99.6004,0.206132,0.206132,-4.98E-06,0,3.15E-08,0.0815156
1_1,Cyclic Voltammetry,99.7,0.20514,0.20514,-5.01E-06,0,3.14E-08,0.0815358
1_1,Cyclic Voltammetry,99.7996,0.204133,0.204133,-5.03E-06,0,3.12E-08,0.0815396
1_1,Cyclic Voltammetry,99.8992,0.20315,0.20315,-5.05E-06,0,3.11E-08,0.0815614
1_1,Cyclic Voltammetry,99.9988,0.202132,0.202132,-5.12E-06,0,3.10E-08,0.0816269
1_1,Cyclic Voltammetry,100.098,0.201105,0.201105,-5.18E-06,0,3.08E-08,0.0816393
1_1,Cyclic Voltammetry,100.198,0.200145,0.200145,-5.24E-06,0,3.07E-08,0.0817248
1_1,Cyclic Voltammetry,100.298,0.199172,0.199172,-5.33E-06,0,3.05E-08,0.0817032
1_1,Cyclic Voltammetry,100.397,0.198209,0.198209,-5.45E-06,0,3.04E-08,0.0817204
1_1,Cyclic Voltammetry,100.497,0.197189,0.197189,-5.58E-06,0,3.02E-08,0.0817536
1_1,Cyclic Voltammetry,100.596,0.196204,0.196204,-5.72E-06,0,3.01E-08,0.0818326
1_1,Cyclic Voltammetry,100.696,0.195203,0.195203,-5.80E-06,0,2.99E-08,0.0818624
1_1,Cyclic Voltammetry,100.796,0.194214,0.194214,-5.89E-06,0,2.97E-08,0.0819185
1_1,Cyclic Voltammetry,100.895,0.193192,0.193192,-5.97E-06,0,2.96E-08,0.0819247
1_1,Cyclic Voltammetry,100.995,0.192212,0.192212,-6.06E-06,0,2.94E-08,0.0819141
1_1,Cyclic Voltammetry,101.094,0.191235,0.191235,-6.15E-06,0,2.92E-08,0.0819169
1_1,Cyclic Voltammetry,101.194,0.190256,0.190256,-6.25E-06,0,2.91E-08,0.0819775
1_1,Cyclic Voltammetry,101.294,0.189259,0.189259,-6.35E-06,0,2.89E-08,0.0820072
1_1,Cyclic Voltammetry,101.393,0.188264,0.188264,-6.44E-06,0,2.87E-08,0.082041
1_1,Cyclic Voltammetry,101.493,0.187258,0.187258,-6.47E-06,0,2.85E-08,0.0820626
1_1,Cyclic Voltammetry,101.592,0.186223,0.186223,-6.51E-06,0,2.84E-08,0.0820529
1_1,Cyclic Voltammetry,101.692,0.18524,0.18524,-6.53E-06,0,2.82E-08,0.0820872
1_1,Cyclic Voltammetry,101.792,0.184243,0.184243,-6.53E-06,0,2.80E-08,0.0821343
1_1,Cyclic Voltammetry,101.891,0.183215,0.183215,-6.53E-06,0,2.78E-08,0.0821665
1_1,Cyclic Voltammetry,101.991,0.18221,0.18221,-6.53E-06,0,2.76E-08,0.0821343
1_1,Cyclic Voltammetry,102.09,0.181281,0.181281,-6.49E-06,0,2.75E-08,0.082165
1_1,Cyclic Voltammetry,102.19,0.180282,0.180282,-6.46E-06,0,2.73E-08,0.0821982
1_1,Cyclic Voltammetry,102.29,0.179288,0.179288,-6.41E-06,0,2.71E-08,0.0822
1_1,Cyclic Voltammetry,102.389,0.178282,0.178282,-6.37E-06,0,2.69E-08,0.0822252
1_1,Cyclic Voltammetry,102.489,0.177306,0.177306,-6.29E-06,0,2.68E-08,0.0822364
1_1,Cyclic Voltammetry,102.588,0.176265,0.176265,-6.21E-06,0,2.66E-08,0.0822487
1_1,Cyclic Voltammetry,102.688,0.175248,0.175248,-6.10E-06,0,2.64E-08,0.0822594
1_1,Cyclic Voltammetry,102.788,0.174254,0.174254,-5.99E-06,0,2.62E-08,0.0822342
1_1,Cyclic Voltammetry,102.887,0.17329,0.17329,-5.90E-06,0,2.61E-08,0.0822156
1_1,Cyclic Voltammetry,102.987,0.172322,0.172322,-5.84E-06,0,2.59E-08,0.0822548
1_1,Cyclic Voltammetry,103.086,0.171337,0.171337,-5.78E-06,0,2.58E-08,0.0822665
1_1,Cyclic Voltammetry,103.186,0.170325,0.170325,-5.64E-06,0,2.56E-08,0.0822762
1_1,Cyclic Voltammetry,103.286,0.169411,0.169411,-5.55E-06,0,2.54E-08,0.0822968
1_1,Cyclic Voltammetry,103.385,0.168426,0.168426,-5.52E-06,0,2.53E-08,0.0823365
1_1,Cyclic Voltammetry,103.485,0.167431,0.167431,-5.44E-06,0,2.51E-08,0.0823751
1_1,Cyclic Voltammetry,103.584,0.166407,0.166407,-5.39E-06,0,2.50E-08,0.0824133
1_1,Cyclic Voltammetry,103.684,0.165412,0.165412,-5.37E-06,0,2.48E-08,0.0824185
1_1,Cyclic Voltammetry,103.784,0.164423,0.164423,-5.35E-06,0,2.47E-08,0.0823994
1_1,Cyclic Voltammetry,103.883,0.163437,0.163437,-5.38E-06,0,2.45E-08,0.0824196
1_1,Cyclic Voltammetry,103.983,0.162423,0.162423,-5.36E-06,0,2.44E-08,0.0824489
1_1,Cyclic Voltammetry,104.082,0.16142,0.16142,-5.40E-06,0,2.42E-08,0.0825184
1_1,Cyclic Voltammetry,104.182,0.160426,0.160426,-5.43E-06,0,2.41E-08,0.0825501
1_1,Cyclic Voltammetry,104.282,0.159437,0.159437,-5.48E-06,0,2.39E-08,0.0825688
1_1,Cyclic Voltammetry,104.381,0.158441,0.158441,-5.52E-06,0,2.38E-08,0.0825657
1_1,Cyclic Voltammetry,104.481,0.157421,0.157421,-5.58E-06,0,2.36E-08,0.0826039
1_1,Cyclic Voltammetry,104.58,0.156424,0.156424,-5.66E-06,0,2.35E-08,0.082673
1_1,Cyclic Voltammetry,104.68,0.155421,0.155421,-5.77E-06,0,2.33E-08,0.0826883
1_1,Cyclic Voltammetry,104.78,0.154454,0.154454,-5.87E-06,0,2.32E-08,0.082719
1_1,Cyclic Voltammetry,104.879,0.153438,0.153438,-6.00E-06,0,2.30E-08,0.0827392
1_1,Cyclic Voltammetry,104.979,0.152439,0.152439,-6.12E-06,0,2.28E-08,0.0827844
1_1,Cyclic Voltammetry,105.078,0.151427,0.151427,-6.23E-06,0,2.27E-08,0.0828275
1_1,Cyclic Voltammetry,105.178,0.150416,0.150416,-6.31E-06,0,2.25E-08,0.0828782
1_1,Cyclic Voltammetry,105.278,0.149445,0.149445,-6.42E-06,0,2.23E-08,0.0828914
1_1,Cyclic Voltammetry,105.377,0.148435,0.148435,-6.50E-06,0,2.21E-08,0.0828872
1_1,Cyclic Voltammetry,105.477,0.147424,0.147424,-6.59E-06,0,2.20E-08,0.0828821
1_1,Cyclic Voltammetry,105.576,0.146405,0.146405,-6.69E-06,0,2.18E-08,0.0829149
1_1,Cyclic Voltammetry,105.676,0.145444,0.145444,-6.80E-06,0,2.16E-08,0.0830163
1_1,Cyclic Voltammetry,105.776,0.144458,0.144458,-6.87E-06,0,2.14E-08,0.0830355
1_1,Cyclic Voltammetry,105.875,0.143474,0.143474,-6.94E-06,0,2.12E-08,0.0830323
1_1,Cyclic Voltammetry,105.975,0.142466,0.142466,-6.97E-06,0,2.10E-08,0.0830302
1_1,Cyclic Voltammetry,106.074,0.141464,0.141464,-6.97E-06,0,2.08E-08,0.0830788
1_1,Cyclic Voltammetry,106.174,0.140449,0.140449,-6.98E-06,0,2.06E-08,0.0831345
1_1,Cyclic Voltammetry,106.274,0.139459,0.139459,-6.98E-06,0,2.04E-08,0.0831776
1_1,Cyclic Voltammetry,106.373,0.13847,0.13847,-6.96E-06,0,2.02E-08,0.0831754
1_1,Cyclic Voltammetry,106.473,0.137486,0.137486,-6.95E-06,0,2.00E-08,0.0831164
1_1,Cyclic Voltammetry,106.572,0.136498,0.136498,-6.91E-06,0,1.99E-08,0.0831561
1_1,Cyclic Voltammetry,106.672,0.135496,0.135496,-6.88E-06,0,1.97E-08,0.0832222
1_1,Cyclic Voltammetry,106.772,0.134523,0.134523,-6.82E-06,0,1.95E-08,0.0832339
1_1,Cyclic Voltammetry,106.871,0.133551,0.133551,-6.75E-06,0,1.93E-08,0.0832486
1_1,Cyclic Voltammetry,106.971,0.132528,0.132528,-6.63E-06,0,1.91E-08,0.0832773
1_1,Cyclic Voltammetry,107.07,0.131549,0.131549,-6.53E-06,0,1.89E-08,0.0832661
1_1,Cyclic Voltammetry,107.17,0.130523,0.130523,-6.43E-06,0,1.87E-08,0.0832454
1_1,Cyclic Voltammetry,107.27,0.129518,0.129518,-6.36E-06,0,1.86E-08,0.083306
1_1,Cyclic Voltammetry,107.369,0.128548,0.128548,-6.27E-06,0,1.84E-08,0.0833038
1_1,Cyclic Voltammetry,107.469,0.127577,0.127577,-6.23E-06,0,1.82E-08,0.0832727
1_1,Cyclic Voltammetry,107.568,0.126562,0.126562,-6.16E-06,0,1.80E-08,0.083284
1_1,Cyclic Voltammetry,107.668,0.125531,0.125531,-6.09E-06,0,1.79E-08,0.0833446
1_1,Cyclic Voltammetry,107.768,0.124537,0.124537,-5.98E-06,0,1.77E-08,0.0833922
1_1,Cyclic Voltammetry,107.867,0.123542,0.123542,-5.93E-06,0,1.75E-08,0.0834334
1_1,Cyclic Voltammetry,107.967,0.122571,0.122571,-5.87E-06,0,1.74E-08,0.0834183
1_1,Cyclic Voltammetry,108.066,0.121554,0.121554,-5.89E-06,0,1.72E-08,0.0833622
1_1,Cyclic Voltammetry,108.166,0.120537,0.120537,-5.86E-06,0,1.71E-08,0.0833969
1_1,Cyclic Voltammetry,108.266,0.119517,0.119517,-5.89E-06,0,1.69E-08,0.0834376
1_1,Cyclic Voltammetry,108.365,0.118541,0.118541,-5.88E-06,0,1.67E-08,0.0835311
1_1,Cyclic Voltammetry,108.465,0.117568,0.117568,-5.94E-06,0,1.66E-08,0.0835862
1_1,Cyclic Voltammetry,108.564,0.116571,0.116571,-5.98E-06,0,1.64E-08,0.0835815
1_1,Cyclic Voltammetry,108.664,0.115567,0.115567,-6.04E-06,0,1.62E-08,0.0836017
1_1,Cyclic Voltammetry,108.764,0.114596,0.114596,-6.10E-06,0,1.61E-08,0.0836459
1_1,Cyclic Voltammetry,108.863,0.113582,0.113582,-6.16E-06,0,1.59E-08,0.0836632
1_1,Cyclic Voltammetry,108.963,0.112577,0.112577,-6.26E-06,0,1.57E-08,0.0836994
1_1,Cyclic Voltammetry,109.062,0.111571,0.111571,-6.37E-06,0,1.56E-08,0.0837246
1_1,Cyclic Voltammetry,109.162,0.110578,0.110578,-6.50E-06,0,1.54E-08,0.0837464
1_1,Cyclic Voltammetry,109.262,0.109606,0.109606,-6.63E-06,0,1.52E-08,0.0837736
1_1,Cyclic Voltammetry,109.361,0.1086,0.1086,-6.74E-06,0,1.50E-08,0.0838238
1_1,Cyclic Voltammetry,109.461,0.107597,0.107597,-6.85E-06,0,1.48E-08,0.0838789
1_1,Cyclic Voltammetry,109.56,0.106623,0.106623,-6.94E-06,0,1.46E-08,0.083935
1_1,Cyclic Voltammetry,109.66,0.105625,0.105625,-7.04E-06,0,1.44E-08,0.0839269
1_1,Cyclic Voltammetry,109.76,0.104604,0.104604,-7.13E-06,0,1.42E-08,0.0839665
1_1,Cyclic Voltammetry,109.859,0.103618,0.103618,-7.23E-06,0,1.40E-08,0.0839992
1_1,Cyclic Voltammetry,109.959,0.10264,0.10264,-7.32E-06,0,1.38E-08,0.0840285
1_1,Cyclic Voltammetry,110.058,0.101659,0.101659,-7.45E-06,0,1.36E-08,0.0840842
1_1,Cyclic Voltammetry,110.158,0.100682,0.100682,-7.50E-06,0,1.34E-08,0.0841268
1_1,Cyclic Voltammetry,110.258,0.0996634,0.0996634,-7.52E-06,0,1.32E-08,0.084148
1_1,Cyclic Voltammetry,110.357,0.0986601,0.0986601,-7.55E-06,0,1.30E-08,0.0841722
1_1,Cyclic Voltammetry,110.457,0.0977103,0.0977103,-7.55E-06,0,1.28E-08,0.0842014
1_1,Cyclic Voltammetry,110.556,0.0966931,0.0966931,-7.56E-06,0,1.26E-08,0.0842172
1_1,Cyclic Voltammetry,110.656,0.0956654,0.0956654,-7.55E-06,0,1.24E-08,0.0842304
1_1,Cyclic Voltammetry,110.756,0.0946582,0.0946582,-7.53E-06,0,1.22E-08,0.0842437
1_1,Cyclic Voltammetry,110.855,0.0936475,0.0936475,-7.52E-06,0,1.20E-08,0.0842655
1_1,Cyclic Voltammetry,110.955,0.0926697,0.0926697,-7.46E-06,0,1.18E-08,0.0842687
1_1,Cyclic Voltammetry,111.054,0.0916735,0.0916735,-7.43E-06,0,1.16E-08,0.0843079
1_1,Cyclic Voltammetry,111.154,0.0906827,0.0906827,-7.34E-06,0,1.14E-08,0.0842952
1_1,Cyclic Voltammetry,111.254,0.0896725,0.0896725,-7.26E-06,0,1.11E-08,0.0843123
1_1,Cyclic Voltammetry,111.353,0.0886962,0.0886962,-7.16E-06,0,1.09E-08,0.084336
1_1,Cyclic Voltammetry,111.453,0.0877099,0.0877099,-7.05E-06,0,1.08E-08,0.0843473
1_1,Cyclic Voltammetry,111.552,0.0866713,0.0866713,-6.99E-06,0,1.06E-08,0.0843825
1_1,Cyclic Voltammetry,111.652,0.0857154,0.0857154,-6.91E-06,0,1.04E-08,0.0844496
1_1,Cyclic Voltammetry,111.752,0.0847107,0.0847107,-6.86E-06,0,1.02E-08,0.084406
1_1,Cyclic Voltammetry,111.851,0.0837499,0.0837499,-6.79E-06,0,9.99E-09,0.0844506
1_1,Cyclic Voltammetry,111.951,0.0827781,0.0827781,-6.72E-06,0,9.80E-09,0.0844155
1_1,Cyclic Voltammetry,112.05,0.0817818,0.0817818,-6.65E-06,0,9.61E-09,0.0844637
1_1,Cyclic Voltammetry,112.15,0.0807382,0.0807382,-6.59E-06,0,9.43E-09,0.0844805
1_1,Cyclic Voltammetry,112.25,0.0797664,0.0797664,-6.52E-06,0,9.25E-09,0.0845162
1_1,Cyclic Voltammetry,112.349,0.0787632,0.0787632,-6.53E-06,0,9.07E-09,0.084506
1_1,Cyclic Voltammetry,112.449,0.0777519,0.0777519,-6.53E-06,0,8.89E-09,0.0845287
1_1,Cyclic Voltammetry,112.548,0.0767268,0.0767268,-6.53E-06,0,8.71E-09,0.0846188
1_1,Cyclic Voltammetry,112.648,0.0757505,0.0757505,-6.57E-06,0,8.53E-09,0.0846654
1_1,Cyclic Voltammetry,112.748,0.0747408,0.0747408,-6.61E-06,0,8.35E-09,0.0847056
1_1,Cyclic Voltammetry,112.847,0.073748,0.073748,-6.64E-06,0,8.16E-09,0.0847503
1_1,Cyclic Voltammetry,112.947,0.0727812,0.0727812,-6.71E-06,0,7.98E-09,0.084772
1_1,Cyclic Voltammetry,113.046,0.071777,0.071777,-6.77E-06,0,7.79E-09,0.0847783
1_1,Cyclic Voltammetry,113.146,0.0707593,0.0707593,-6.87E-06,0,7.60E-09,0.0848324
1_1,Cyclic Voltammetry,113.246,0.069772,0.069772,-6.93E-06,0,7.41E-09,0.0848457
1_1,Cyclic Voltammetry,113.345,0.0687588,0.0687588,-7.06E-06,0,7.22E-09,0.0848888
1_1,Cyclic Voltammetry,113.445,0.067765,0.067765,-7.19E-06,0,7.02E-09,0.0849196
1_1,Cyclic Voltammetry,113.544,0.0667818,0.0667818,-7.33E-06,0,6.82E-09,0.0849249
1_1,Cyclic Voltammetry,113.644,0.065777,0.065777,-7.47E-06,0,6.62E-09,0.0849183
1_1,Cyclic Voltammetry,113.744,0.0647973,0.0647973,-7.55E-06,0,6.41E-09,0.0850292
1_1,Cyclic Voltammetry,113.843,0.063797,0.063797,-7.65E-06,0,6.20E-09,0.0851008
1_1,Cyclic Voltammetry,113.943,0.0628038,0.0628038,-7.76E-06,0,5.98E-09,0.0851101
1_1,Cyclic Voltammetry,114.042,0.0618419,0.0618419,-7.83E-06,0,5.77E-09,0.0851328
1_1,Cyclic Voltammetry,114.142,0.0608257,0.0608257,-7.95E-06,0,5.55E-09,0.0851704
1_1,Cyclic Voltammetry,114.242,0.0597741,0.0597741,-8.10E-06,0,5.33E-09,0.0852122
1_1,Cyclic Voltammetry,114.341,0.0587839,0.0587839,-8.19E-06,0,5.10E-09,0.0853047
1_1,Cyclic Voltammetry,114.441,0.057821,0.057821,-8.22E-06,0,4.88E-09,0.0852846
1_1,Cyclic Voltammetry,114.54,0.0568432,0.0568432,-8.29E-06,0,4.65E-09,0.0852908
1_1,Cyclic Voltammetry,114.64,0.0558719,0.0558719,-8.30E-06,0,4.42E-09,0.0853156
1_1,Cyclic Voltammetry,114.74,0.0548852,0.0548852,-8.32E-06,0,4.19E-09,0.0853807
1_1,Cyclic Voltammetry,114.839,0.053864,0.053864,-8.33E-06,0,3.96E-09,0.0854109
1_1,Cyclic Voltammetry,114.939,0.0528358,0.0528358,-8.32E-06,0,3.73E-09,0.085459
1_1,Cyclic Voltammetry,115.038,0.051861,0.051861,-8.32E-06,0,3.50E-09,0.0854862
1_1,Cyclic Voltammetry,115.138,0.0508787,0.0508787,-8.28E-06,0,3.27E-09,0.0854756
1_1,Cyclic Voltammetry,115.238,0.0498595,0.0498595,-8.25E-06,0,3.04E-09,0.0855312
1_1,Cyclic Voltammetry,115.337,0.0488234,0.0488234,-8.23E-06,0,2.81E-09,0.0855728
1_1,Cyclic Voltammetry,115.437,0.0478356,0.0478356,-8.14E-06,0,2.58E-09,0.0855437
1_1,Cyclic Voltammetry,115.536,0.0468763,0.0468763,-8.06E-06,0,2.36E-09,0.0855485
1_1,Cyclic Voltammetry,115.636,0.045902,0.045902,-7.97E-06,0,2.14E-09,0.0855687
1_1,Cyclic Voltammetry,115.736,0.0448988,0.0448988,-7.88E-06,0,1.92E-09,0.08559
1_1,Cyclic Voltammetry,115.835,0.0438496,0.0438496,-7.79E-06,0,1.70E-09,0.0856221
1_1,Cyclic Voltammetry,115.935,0.0428539,0.0428539,-7.77E-06,0,1.49E-09,0.0856508
1_1,Cyclic Voltammetry,116.034,0.0418681,0.0418681,-7.69E-06,0,1.27E-09,0.0856431
1_1,Cyclic Voltammetry,116.134,0.0408674,0.0408674,-7.66E-06,0,1.06E-09,0.085615
1_1,Cyclic Voltammetry,116.234,0.0398986,0.0398986,-7.58E-06,0,8.50E-10,0.0856119
1_1,Cyclic Voltammetry,116.333,0.0389253,0.0389253,-7.51E-06,0,6.41E-10,0.0856669
1_1,Cyclic Voltammetry,116.433,0.0378771,0.0378771,-7.42E-06,0,4.35E-10,0.0857051
1_1,Cyclic Voltammetry,116.532,0.0368844,0.0368844,-7.38E-06,0,2.30E-10,0.0857612
1_1,Cyclic Voltammetry,116.632,0.0359131,0.0359131,-7.39E-06,0,2.61E-11,0.0857495
1_1,Cyclic Voltammetry,116.732,0.0349533,0.0349533,-7.40E-06,0,-1.79E-10,0.0857653
1_1,Cyclic Voltammetry,116.831,0.0339705,0.0339705,-7.40E-06,0,-3.83E-10,0.0858224
1_1,Cyclic Voltammetry,116.931,0.0329343,0.0329343,-7.43E-06,0,-5.89E-10,0.085908
1_1,Cyclic Voltammetry,117.03,0.0319121,0.0319121,-7.48E-06,0,-7.95E-10,0.0859497
1_1,Cyclic Voltammetry,117.13,0.0309219,0.0309219,-7.54E-06,0,-1.00E-09,0.0858921
1_1,Cyclic Voltammetry,117.23,0.029989,0.029989,-7.58E-06,0,-1.21E-09,0.0858929
1_1,Cyclic Voltammetry,117.329,0.0290107,0.0290107,-7.67E-06,0,-1.42E-09,0.0859431
1_1,Cyclic Voltammetry,117.429,0.0279686,0.0279686,-7.75E-06,0,-1.64E-09,0.0860391
1_1,Cyclic Voltammetry,117.528,0.0269848,0.0269848,-7.83E-06,0,-1.85E-09,0.0861326
1_1,Cyclic Voltammetry,117.628,0.026,0.026,-7.96E-06,0,-2.07E-09,0.0861644
1_1,Cyclic Voltammetry,117.728,0.0249973,0.0249973,-8.09E-06,0,-2.29E-09,0.0861726
1_1,Cyclic Voltammetry,117.827,0.0239841,0.0239841,-8.23E-06,0,-2.52E-09,0.0861809
1_1,Cyclic Voltammetry,117.927,0.0229793,0.0229793,-8.35E-06,0,-2.75E-09,0.0861927
1_1,Cyclic Voltammetry,118.026,0.0219796,0.0219796,-8.49E-06,0,-2.98E-09,0.0862872
1_1,Cyclic Voltammetry,118.126,0.0209973,0.0209973,-8.58E-06,0,-3.22E-09,0.0863279
1_1,Cyclic Voltammetry,118.226,0.0200285,0.0200285,-8.65E-06,0,-3.46E-09,0.0863432
1_1,Cyclic Voltammetry,118.325,0.0190273,0.0190273,-8.79E-06,0,-3.70E-09,0.0864228
1_1,Cyclic Voltammetry,118.425,0.0180231,0.0180231,-8.89E-06,0,-3.94E-09,0.0864764
1_1,Cyclic Voltammetry,118.524,0.0169874,0.0169874,-9.01E-06,0,-4.19E-09,0.0865146
1_1,Cyclic Voltammetry,118.624,0.0159777,0.0159777,-9.12E-06,0,-4.44E-09,0.0865807
1_1,Cyclic Voltammetry,118.724,0.0150194,0.0150194,-9.21E-06,0,-4.69E-09,0.086581
1_1,Cyclic Voltammetry,118.823,0.0139957,0.0139957,-9.28E-06,0,-4.95E-09,0.0865669
1_1,Cyclic Voltammetry,118.923,0.0130314,0.0130314,-9.30E-06,0,-5.21E-09,0.0866489
1_1,Cyclic Voltammetry,119.022,0.0119947,0.0119947,-9.33E-06,0,-5.46E-09,0.086713
1_1,Cyclic Voltammetry,119.122,0.0110034,0.0110034,-9.34E-06,0,-5.72E-09,0.0867108
1_1,Cyclic Voltammetry,119.222,0.0100491,0.0100491,-9.35E-06,0,-5.98E-09,0.0867421
1_1,Cyclic Voltammetry,119.321,0.00905584,0.00905584,-9.37E-06,0,-6.24E-09,0.0867434
1_1,Cyclic Voltammetry,119.421,0.00805311,0.00805311,-9.35E-06,0,-6.50E-09,0.0867601
1_1,Cyclic Voltammetry,119.52,0.00702095,0.00702095,-9.34E-06,0,-6.76E-09,0.0868246
1_1,Cyclic Voltammetry,119.62,0.00600275,0.00600275,-9.28E-06,0,-7.01E-09,0.0868584
1_1,Cyclic Voltammetry,119.72,0.00502496,0.00502496,-9.27E-06,0,-7.27E-09,0.0868696
1_1,Cyclic Voltammetry,119.819,0.00403171,0.00403171,-9.21E-06,0,-7.53E-09,0.0868615
1_1,Cyclic Voltammetry,119.919,0.00308136,0.00308136,-9.12E-06,0,-7.78E-09,0.0868761
1_1,Cyclic Voltammetry,120.018,0.00203622,0.00203622,-9.04E-06,0,-8.03E-09,0.0868879
1_1,Cyclic Voltammetry,120.118,0.00102102,0.00102102,-8.95E-06,0,-8.28E-09,0.0869389
1_1,Cyclic Voltammetry,120.218,7.47E-05,7.47E-05,-8.74E-06,0,-8.52E-09,0.0869825
1_1,Cyclic Voltammetry,120.317,-0.00083528,-0.00083528,-8.74E-06,0,-8.77E-09,0.0870212
1_1,Cyclic Voltammetry,120.417,-0.00179012,-0.00179012,-8.73E-06,0,-9.01E-09,0.0870145
1_1,Cyclic Voltammetry,120.516,-0.00280233,-0.00280233,-8.69E-06,0,-9.25E-09,0.0870391
1_1,Cyclic Voltammetry,120.616,-0.00379508,-0.00379508,-8.64E-06,0,-9.49E-09,0.0870724
1_1,Cyclic Voltammetry,120.716,-0.00482775,-0.00482775,-8.59E-06,0,-9.73E-09,0.0871111
1_1,Cyclic Voltammetry,120.815,-0.00577261,-0.00577261,-8.53E-06,0,-9.96E-09,0.0871423
1_1,Cyclic Voltammetry,120.915,-0.00677385,-0.00677385,-8.48E-06,0,-1.02E-08,0.0871511
1_1,Cyclic Voltammetry,121.014,-0.0077661,-0.0077661,-8.49E-06,0,-1.04E-08,0.0871668
1_1,Cyclic Voltammetry,121.114,-0.00876634,-0.00876634,-8.50E-06,0,-1.07E-08,0.0872249
1_1,Cyclic Voltammetry,121.214,-0.00977955,-0.00977955,-8.54E-06,0,-1.09E-08,0.0872467
1_1,Cyclic Voltammetry,121.313,-0.0107688,-0.0107688,-8.57E-06,0,-1.11E-08,0.087271
1_1,Cyclic Voltammetry,121.413,-0.0117396,-0.0117396,-8.60E-06,0,-1.14E-08,0.0873032
1_1,Cyclic Voltammetry,121.512,-0.0127553,-0.0127553,-8.66E-06,0,-1.16E-08,0.0873214
1_1,Cyclic Voltammetry,121.612,-0.0138124,-0.0138124,-8.73E-06,0,-1.19E-08,0.0873595
1_1,Cyclic Voltammetry,121.712,-0.0147718,-0.0147718,-8.81E-06,0,-1.21E-08,0.0874042
1_1,Cyclic Voltammetry,121.811,-0.015763,-0.015763,-8.91E-06,0,-1.23E-08,0.0874973
1_1,Cyclic Voltammetry,121.911,-0.0167268,-0.0167268,-9.00E-06,0,-1.26E-08,0.0875146
1_1,Cyclic Voltammetry,122.01,-0.0177311,-0.0177311,-9.11E-06,0,-1.28E-08,0.0875832
1_1,Cyclic Voltammetry,122.11,-0.0187388,-0.0187388,-9.23E-06,0,-1.31E-08,0.0876364
1_1,Cyclic Voltammetry,122.21,-0.0197335,-0.0197335,-9.37E-06,0,-1.34E-08,0.0876491
1_1,Cyclic Voltammetry,122.309,-0.0207348,-0.0207348,-9.53E-06,0,-1.36E-08,0.0877027
1_1,Cyclic Voltammetry,122.409,-0.0217475,-0.0217475,-9.67E-06,0,-1.39E-08,0.0877494
1_1,Cyclic Voltammetry,122.508,-0.0227123,-0.0227123,-9.75E-06,0,-1.42E-08,0.0877792
1_1,Cyclic Voltammetry,122.608,-0.0236966,-0.0236966,-9.87E-06,0,-1.44E-08,0.0878178
1_1,Cyclic Voltammetry,122.708,-0.0246963,-0.0246963,-9.97E-06,0,-1.47E-08,0.0878177
1_1,Cyclic Voltammetry,122.807,-0.0256706,-0.0256706,-1.01E-05,0,-1.50E-08,0.0878678
1_1,Cyclic Voltammetry,122.907,-0.0266688,-0.0266688,-1.02E-05,0,-1.53E-08,0.0879035
1_1,Cyclic Voltammetry,123.006,-0.0276312,-0.0276312,-1.03E-05,0,-1.55E-08,0.0879836
1_1,Cyclic Voltammetry,123.106,-0.0286633,-0.0286633,-1.04E-05,0,-1.58E-08,0.0880068
1_1,Cyclic Voltammetry,123.206,-0.029691,-0.029691,-1.05E-05,0,-1.61E-08,0.0880858
1_1,Cyclic Voltammetry,123.305,-0.0306992,-0.0306992,-1.05E-05,0,-1.64E-08,0.0880847
1_1,Cyclic Voltammetry,123.405,-0.0316795,-0.0316795,-1.06E-05,0,-1.67E-08,0.088101
1_1,Cyclic Voltammetry,123.504,-0.0326299,-0.0326299,-1.06E-05,0,-1.70E-08,0.0881332
1_1,Cyclic Voltammetry,123.604,-0.0336316,-0.0336316,-1.06E-05,0,-1.73E-08,0.0882128
1_1,Cyclic Voltammetry,123.704,-0.0346523,-0.0346523,-1.06E-05,0,-1.76E-08,0.0882713
1_1,Cyclic Voltammetry,123.803,-0.035641,-0.035641,-1.06E-05,0,-1.79E-08,0.0883005
1_1,Cyclic Voltammetry,123.903,-0.0366328,-0.0366328,-1.06E-05,0,-1.82E-08,0.0882788
1_1,Cyclic Voltammetry,124.002,-0.0376076,-0.0376076,-1.06E-05,0,-1.85E-08,0.0882817
1_1,Cyclic Voltammetry,124.102,-0.0385729,-0.0385729,-1.05E-05,0,-1.87E-08,0.0882925
1_1,Cyclic Voltammetry,124.202,-0.0396056,-0.0396056,-1.05E-05,0,-1.90E-08,0.0883785
1_1,Cyclic Voltammetry,124.301,-0.0406213,-0.0406213,-1.04E-05,0,-1.93E-08,0.0883628
1_1,Cyclic Voltammetry,124.401,-0.041606,-0.041606,-1.03E-05,0,-1.96E-08,0.0883476
1_1,Cyclic Voltammetry,124.5,-0.0425988,-0.0425988,-1.02E-05,0,-1.99E-08,0.0883973
1_1,Cyclic Voltammetry,124.6,-0.0435836,-0.0435836,-1.02E-05,0,-2.02E-08,0.088455
1_1,Cyclic Voltammetry,124.7,-0.0446043,-0.0446043,-1.01E-05,0,-2.05E-08,0.0885216
1_1,Cyclic Voltammetry,124.799,-0.0456235,-0.0456235,-1.01E-05,0,-2.07E-08,0.0885457
1_1,Cyclic Voltammetry,124.899,-0.0466402,-0.0466402,-1.00E-05,0,-2.10E-08,0.0885381
1_1,Cyclic Voltammetry,124.998,-0.047597,-0.047597,-9.97E-06,0,-2.13E-08,0.0885713
1_1,Cyclic Voltammetry,125.098,-0.0485957,-0.0485957,-9.92E-06,0,-2.16E-08,0.088625
1_1,Cyclic Voltammetry,125.198,-0.0495591,-0.0495591,-9.84E-06,0,-2.18E-08,0.0886537
1_1,Cyclic Voltammetry,125.297,-0.0505453,-0.0505453,-9.83E-06,0,-2.21E-08,0.0886968
1_1,Cyclic Voltammetry,125.397,-0.0516154,-0.0516154,-9.85E-06,0,-2.24E-08,0.0886996
1_1,Cyclic Voltammetry,125.496,-0.0525668,-0.0525668,-9.83E-06,0,-2.27E-08,0.0887194
1_1,Cyclic Voltammetry,125.596,-0.053544,-0.053544,-9.87E-06,0,-2.29E-08,0.0887785
1_1,Cyclic Voltammetry,125.696,-0.0545203,-0.0545203,-9.93E-06,0,-2.32E-08,0.0888232
1_1,Cyclic Voltammetry,125.795,-0.0555221,-0.0555221,-1.00E-05,0,-2.35E-08,0.0889137
1_1,Cyclic Voltammetry,125.895,-0.0565542,-0.0565542,-1.01E-05,0,-2.38E-08,0.0889559
1_1,Cyclic Voltammetry,125.994,-0.0575405,-0.0575405,-1.01E-05,0,-2.40E-08,0.0889302
1_1,Cyclic Voltammetry,126.094,-0.0585343,-0.0585343,-1.02E-05,0,-2.43E-08,0.0889331
1_1,Cyclic Voltammetry,126.194,-0.0595006,-0.0595006,-1.03E-05,0,-2.46E-08,0.0890147
1_1,Cyclic Voltammetry,126.293,-0.0605103,-0.0605103,-1.04E-05,0,-2.49E-08,0.0891322
1_1,Cyclic Voltammetry,126.393,-0.061514,-0.061514,-1.05E-05,0,-2.52E-08,0.0891579
1_1,Cyclic Voltammetry,126.492,-0.0624913,-0.0624913,-1.07E-05,0,-2.55E-08,0.089212
1_1,Cyclic Voltammetry,126.592,-0.06349,-0.06349,-1.08E-05,0,-2.58E-08,0.0892482
1_1,Cyclic Voltammetry,126.692,-0.0644723,-0.0644723,-1.10E-05,0,-2.61E-08,0.0893009
1_1,Cyclic Voltammetry,126.791,-0.0654431,-0.0654431,-1.11E-05,0,-2.64E-08,0.089397
1_1,Cyclic Voltammetry,126.891,-0.0664788,-0.0664788,-1.12E-05,0,-2.67E-08,0.0894476
1_1,Cyclic Voltammetry,126.99,-0.0674471,-0.0674471,-1.13E-05,0,-2.70E-08,0.089439
1_1,Cyclic Voltammetry,127.09,-0.0684314,-0.0684314,-1.14E-05,0,-2.73E-08,0.0894812
1_1,Cyclic Voltammetry,127.19,-0.0694536,-0.0694536,-1.16E-05,0,-2.76E-08,0.0895543
1_1,Cyclic Voltammetry,127.289,-0.0704283,-0.0704283,-1.17E-05,0,-2.79E-08,0.089615
1_1,Cyclic Voltammetry,127.389,-0.0714176,-0.0714176,-1.18E-05,0,-2.83E-08,0.0896666
1_1,Cyclic Voltammetry,127.488,-0.0724528,-0.0724528,-1.19E-05,0,-2.86E-08,0.0897112
1_1,Cyclic Voltammetry,127.588,-0.073452,-0.073452,-1.20E-05,0,-2.89E-08,0.0896891
1_1,Cyclic Voltammetry,127.688,-0.0744298,-0.0744298,-1.20E-05,0,-2.93E-08,0.0897144
1_1,Cyclic Voltammetry,127.787,-0.0754275,-0.0754275,-1.21E-05,0,-2.96E-08,0.0898154
1_1,Cyclic Voltammetry,127.887,-0.0764402,-0.0764402,-1.21E-05,0,-2.99E-08,0.0898511
1_1,Cyclic Voltammetry,127.986,-0.0774769,-0.0774769,-1.21E-05,0,-3.03E-08,0.0898818
1_1,Cyclic Voltammetry,128.086,-0.0784562,-0.0784562,-1.21E-05,0,-3.06E-08,0.0899434
1_1,Cyclic Voltammetry,128.186,-0.0794484,-0.0794484,-1.21E-05,0,-3.09E-08,0.0899447
1_1,Cyclic Voltammetry,128.285,-0.0804018,-0.0804018,-1.21E-05,0,-3.13E-08,0.0899859
1_1,Cyclic Voltammetry,128.385,-0.0814035,-0.0814035,-1.21E-05,0,-3.16E-08,0.0900196
1_1,Cyclic Voltammetry,128.484,-0.0824332,-0.0824332,-1.20E-05,0,-3.19E-08,0.0900663
1_1,Cyclic Voltammetry,128.584,-0.0833995,-0.0833995,-1.20E-05,0,-3.23E-08,0.0900601
1_1,Cyclic Voltammetry,128.684,-0.0844112,-0.0844112,-1.19E-05,0,-3.26E-08,0.0900494
1_1,Cyclic Voltammetry,128.783,-0.0854105,-0.0854105,-1.19E-05,0,-3.29E-08,0.0900946
1_1,Cyclic Voltammetry,128.883,-0.0863997,-0.0863997,-1.17E-05,0,-3.33E-08,0.0901133
1_1,Cyclic Voltammetry,128.982,-0.087396,-0.087396,-1.17E-05,0,-3.36E-08,0.090147
1_1,Cyclic Voltammetry,129.082,-0.0884206,-0.0884206,-1.17E-05,0,-3.39E-08,0.0902106
1_1,Cyclic Voltammetry,129.182,-0.0893895,-0.0893895,-1.16E-05,0,-3.42E-08,0.0902414
1_1,Cyclic Voltammetry,129.281,-0.0903538,-0.0903538,-1.16E-05,0,-3.45E-08,0.0902955
1_1,Cyclic Voltammetry,129.381,-0.0913839,-0.0913839,-1.15E-05,0,-3.49E-08,0.0903212
1_1,Cyclic Voltammetry,129.48,-0.0923812,-0.0923812,-1.15E-05,0,-3.52E-08,0.0903469
1_1,Cyclic Voltammetry,129.58,-0.093357,-0.093357,-1.15E-05,0,-3.55E-08,0.0903841
1_1,Cyclic Voltammetry,129.68,-0.0943727,-0.0943727,-1.14E-05,0,-3.58E-08,0.0904318
1_1,Cyclic Voltammetry,129.779,-0.0953265,-0.0953265,-1.14E-05,0,-3.61E-08,0.0904675
1_1,Cyclic Voltammetry,129.879,-0.0963248,-0.0963248,-1.15E-05,0,-3.65E-08,0.0905471
1_1,Cyclic Voltammetry,129.978,-0.097328,-0.097328,-1.15E-05,0,-3.68E-08,0.0905918
1_1,Cyclic Voltammetry,130.078,-0.0983088,-0.0983088,-1.16E-05,0,-3.71E-08,0.0905911
1_1,Cyclic Voltammetry,130.178,-0.099322,-0.099322,-1.17E-05,0,-3.74E-08,0.0906239
1_1,Cyclic Voltammetry,130.277,-0.100334,-0.100334,-1.17E-05,0,-3.77E-08,0.09067
1_1,Cyclic Voltammetry,130.377,-0.101334,-0.101334,-1.18E-05,0,-3.81E-08,0.0907447
1_1,Cyclic Voltammetry,130.476,-0.102343,-0.102343,-1.19E-05,0,-3.84E-08,0.0907909
1_1,Cyclic Voltammetry,130.576,-0.103336,-0.103336,-1.20E-05,0,-3.87E-08,0.090841
1_1,Cyclic Voltammetry,130.676,-0.104287,-0.104287,-1.21E-05,0,-3.91E-08,0.0908887
1_1,Cyclic Voltammetry,130.775,-0.105309,-0.105309,-1.22E-05,0,-3.94E-08,0.0909563
1_1,Cyclic Voltammetry,130.875,-0.106301,-0.106301,-1.24E-05,0,-3.97E-08,0.0910802
1_1,Cyclic Voltammetry,130.974,-0.107304,-0.107304,-1.26E-05,0,-4.01E-08,0.091109
1_1,Cyclic Voltammetry,131.074,-0.108278,-0.108278,-1.27E-05,0,-4.04E-08,0.0911652
1_1,Cyclic Voltammetry,131.174,-0.109266,-0.109266,-1.28E-05,0,-4.08E-08,0.0912168
1_1,Cyclic Voltammetry,131.273,-0.11028,-0.11028,-1.30E-05,0,-4.11E-08,0.091255
1_1,Cyclic Voltammetry,131.373,-0.111278,-0.111278,-1.31E-05,0,-4.15E-08,0.0913262
1_1,Cyclic Voltammetry,131.472,-0.112263,-0.112263,-1.32E-05,0,-4.19E-08,0.0913783
1_1,Cyclic Voltammetry,131.572,-0.113228,-0.113228,-1.33E-05,0,-4.22E-08,0.0914101
1_1,Cyclic Voltammetry,131.672,-0.114219,-0.114219,-1.35E-05,0,-4.26E-08,0.0914438
1_1,Cyclic Voltammetry,131.771,-0.115213,-0.115213,-1.36E-05,0,-4.30E-08,0.0914815
1_1,Cyclic Voltammetry,131.871,-0.116213,-0.116213,-1.37E-05,0,-4.34E-08,0.0915361
1_1,Cyclic Voltammetry,131.97,-0.117217,-0.117217,-1.37E-05,0,-4.37E-08,0.0915574
1_1,Cyclic Voltammetry,132.07,-0.118249,-0.118249,-1.38E-05,0,-4.41E-08,0.0916066
1_1,Cyclic Voltammetry,132.17,-0.119241,-0.119241,-1.39E-05,0,-4.45E-08,0.0916478
1_1,Cyclic Voltammetry,132.269,-0.120245,-0.120245,-1.39E-05,0,-4.49E-08,0.0917024
1_1,Cyclic Voltammetry,132.369,-0.12124,-0.12124,-1.39E-05,0,-4.53E-08,0.0917551
1_1,Cyclic Voltammetry,132.468,-0.122246,-0.122246,-1.39E-05,0,-4.56E-08,0.0918107
1_1,Cyclic Voltammetry,132.568,-0.123227,-0.123227,-1.39E-05,0,-4.60E-08,0.0918773
1_1,Cyclic Voltammetry,132.668,-0.12423,-0.12423,-1.39E-05,0,-4.64E-08,0.0918941
1_1,Cyclic Voltammetry,132.767,-0.125192,-0.125192,-1.39E-05,0,-4.68E-08,0.0919303
1_1,Cyclic Voltammetry,132.867,-0.126171,-0.126171,-1.39E-05,0,-4.72E-08,0.0919635
1_1,Cyclic Voltammetry,132.966,-0.127204,-0.127204,-1.38E-05,0,-4.76E-08,0.0920361
1_1,Cyclic Voltammetry,133.066,-0.128213,-0.128213,-1.38E-05,0,-4.79E-08,0.0920549
1_1,Cyclic Voltammetry,133.166,-0.129223,-0.129223,-1.37E-05,0,-4.83E-08,0.0920532
1_1,Cyclic Voltammetry,133.265,-0.130187,-0.130187,-1.36E-05,0,-4.87E-08,0.0920969
1_1,Cyclic Voltammetry,133.365,-0.131189,-0.131189,-1.36E-05,0,-4.91E-08,0.092145
1_1,Cyclic Voltammetry,133.464,-0.132189,-0.132189,-1.35E-05,0,-4.95E-08,0.0921937
1_1,Cyclic Voltammetry,133.564,-0.133174,-0.133174,-1.35E-05,0,-4.98E-08,0.0922384
1_1,Cyclic Voltammetry,133.664,-0.134172,-0.134172,-1.35E-05,0,-5.02E-08,0.0922836
1_1,Cyclic Voltammetry,133.763,-0.135158,-0.135158,-1.34E-05,0,-5.06E-08,0.0923357
1_1,Cyclic Voltammetry,133.863,-0.136149,-0.136149,-1.34E-05,0,-5.09E-08,0.0924173
1_1,Cyclic Voltammetry,133.962,-0.137185,-0.137185,-1.33E-05,0,-5.13E-08,0.0924594
1_1,Cyclic Voltammetry,134.062,-0.138159,-0.138159,-1.33E-05,0,-5.17E-08,0.0924678
1_1,Cyclic Voltammetry,134.162,-0.139158,-0.139158,-1.33E-05,0,-5.21E-08,0.0925005
1_1,Cyclic Voltammetry,134.261,-0.140127,-0.140127,-1.34E-05,0,-5.24E-08,0.0925421
1_1,Cyclic Voltammetry,134.361,-0.141084,-0.141084,-1.34E-05,0,-5.28E-08,0.0926297
1_1,Cyclic Voltammetry,134.46,-0.14209,-0.14209,-1.35E-05,0,-5.32E-08,0.0927058
1_1,Cyclic Voltammetry,134.56,-0.143127,-0.143127,-1.36E-05,0,-5.35E-08,0.0927455
1_1,Cyclic Voltammetry,134.66,-0.144101,-0.144101,-1.36E-05,0,-5.39E-08,0.0927788
1_1,Cyclic Voltammetry,134.759,-0.145126,-0.145126,-1.37E-05,0,-5.43E-08,0.0927716
1_1,Cyclic Voltammetry,134.859,-0.146112,-0.146112,-1.38E-05,0,-5.47E-08,0.0928418
1_1,Cyclic Voltammetry,134.958,-0.14707,-0.14707,-1.39E-05,0,-5.51E-08,0.0929288
1_1,Cyclic Voltammetry,135.058,-0.148096,-0.148096,-1.40E-05,0,-5.54E-08,0.092993
1_1,Cyclic Voltammetry,135.158,-0.149103,-0.149103,-1.42E-05,0,-5.58E-08,0.0930771
1_1,Cyclic Voltammetry,135.257,-0.150082,-0.150082,-1.43E-05,0,-5.62E-08,0.0931093
1_1,Cyclic Voltammetry,135.357,-0.15108,-0.15108,-1.45E-05,0,-5.66E-08,0.09317
1_1,Cyclic Voltammetry,135.456,-0.152082,-0.152082,-1.47E-05,0,-5.70E-08,0.0932555
1_1,Cyclic Voltammetry,135.556,-0.153094,-0.153094,-1.48E-05,0,-5.74E-08,0.0933695
1_1,Cyclic Voltammetry,135.656,-0.154108,-0.154108,-1.49E-05,0,-5.79E-08,0.0934173
1_1,Cyclic Voltammetry,135.755,-0.155125,-0.155125,-1.50E-05,0,-5.83E-08,0.0934201
1_1,Cyclic Voltammetry,135.855,-0.156081,-0.156081,-1.52E-05,0,-5.87E-08,0.0934398
1_1,Cyclic Voltammetry,135.954,-0.157036,-0.157036,-1.53E-05,0,-5.91E-08,0.093507
1_1,Cyclic Voltammetry,136.054,-0.15803,-0.15803,-1.55E-05,0,-5.95E-08,0.093616
1_1,Cyclic Voltammetry,136.154,-0.15903,-0.15903,-1.56E-05,0,-6.00E-08,0.0937166
1_1,Cyclic Voltammetry,136.253,-0.160045,-0.160045,-1.57E-05,0,-6.04E-08,0.0937224
1_1,Cyclic Voltammetry,136.353,-0.161054,-0.161054,-1.58E-05,0,-6.08E-08,0.093763
1_1,Cyclic Voltammetry,136.452,-0.16203,-0.16203,-1.58E-05,0,-6.13E-08,0.0938162
1_1,Cyclic Voltammetry,136.552,-0.163015,-0.163015,-1.59E-05,0,-6.17E-08,0.0938833
1_1,Cyclic Voltammetry,136.652,-0.164052,-0.164052,-1.59E-05,0,-6.21E-08,0.09392
1_1,Cyclic Voltammetry,136.751,-0.165033,-0.165033,-1.59E-05,0,-6.26E-08,0.0939313
1_1,Cyclic Voltammetry,136.851,-0.166036,-0.166036,-1.59E-05,0,-6.30E-08,0.0939351
1_1,Cyclic Voltammetry,136.95,-0.167001,-0.167001,-1.60E-05,0,-6.35E-08,0.0940058
1_1,Cyclic Voltammetry,137.05,-0.167983,-0.167983,-1.60E-05,0,-6.39E-08,0.0941147
1_1,Cyclic Voltammetry,137.15,-0.168996,-0.168996,-1.60E-05,0,-6.43E-08,0.0942157
1_1,Cyclic Voltammetry,137.249,-0.16991,-0.16991,-1.57E-05,0,-6.48E-08,0.0942932
1_1,Cyclic Voltammetry,137.349,-0.170903,-0.170903,-1.58E-05,0,-6.52E-08,0.0943104
1_1,Cyclic Voltammetry,137.448,-0.171932,-0.171932,-1.58E-05,0,-6.57E-08,0.0943117
1_1,Cyclic Voltammetry,137.548,-0.1729,-0.1729,-1.57E-05,0,-6.61E-08,0.0943599
1_1,Cyclic Voltammetry,137.648,-0.173906,-0.173906,-1.57E-05,0,-6.65E-08,0.0943931
1_1,Cyclic Voltammetry,137.747,-0.174866,-0.174866,-1.56E-05,0,-6.70E-08,0.0944638
1_1,Cyclic Voltammetry,137.847,-0.175823,-0.175823,-1.56E-05,0,-6.74E-08,0.0945239
1_1,Cyclic Voltammetry,137.946,-0.176837,-0.176837,-1.56E-05,0,-6.78E-08,0.0945446
1_1,Cyclic Voltammetry,138.046,-0.177831,-0.177831,-1.56E-05,0,-6.83E-08,0.0946037
1_1,Cyclic Voltammetry,138.146,-0.178806,-0.178806,-1.55E-05,0,-6.87E-08,0.0946479
1_1,Cyclic Voltammetry,138.245,-0.179839,-0.179839,-1.55E-05,0,-6.91E-08,0.0946691
1_1,Cyclic Voltammetry,138.345,-0.180866,-0.180866,-1.55E-05,0,-6.95E-08,0.0947123
1_1,Cyclic Voltammetry,138.444,-0.181875,-0.181875,-1.55E-05,0,-7.00E-08,0.0947416
1_1,Cyclic Voltammetry,138.544,-0.182838,-0.182838,-1.55E-05,0,-7.04E-08,0.0947739
1_1,Cyclic Voltammetry,138.644,-0.183852,-0.183852,-1.55E-05,0,-7.08E-08,0.0948116
1_1,Cyclic Voltammetry,138.743,-0.18485,-0.18485,-1.56E-05,0,-7.13E-08,0.0949325
1_1,Cyclic Voltammetry,138.843,-0.185862,-0.185862,-1.57E-05,0,-7.17E-08,0.0950301
1_1,Cyclic Voltammetry,138.942,-0.186856,-0.186856,-1.57E-05,0,-7.21E-08,0.0950897
1_1,Cyclic Voltammetry,139.042,-0.187851,-0.187851,-1.58E-05,0,-7.26E-08,0.0951439
1_1,Cyclic Voltammetry,139.142,-0.188847,-0.188847,-1.59E-05,0,-7.30E-08,0.095203
1_1,Cyclic Voltammetry,139.241,-0.189828,-0.189828,-1.60E-05,0,-7.34E-08,0.0952408
1_1,Cyclic Voltammetry,139.341,-0.190858,-0.190858,-1.62E-05,0,-7.39E-08,0.095325
1_1,Cyclic Voltammetry,139.44,-0.191848,-0.191848,-1.63E-05,0,-7.43E-08,0.0953841
1_1,Cyclic Voltammetry,139.54,-0.19281,-0.19281,-1.64E-05,0,-7.48E-08,0.0954632
1_1,Cyclic Voltammetry,139.64,-0.193818,-0.193818,-1.66E-05,0,-7.52E-08,0.0955099
1_1,Cyclic Voltammetry,139.739,-0.194804,-0.194804,-1.68E-05,0,-7.57E-08,0.0956034
1_1,Cyclic Voltammetry,139.839,-0.195821,-0.195821,-1.69E-05,0,-7.62E-08,0.0956975
1_1,Cyclic Voltammetry,139.938,-0.196829,-0.196829,-1.71E-05,0,-7.66E-08,0.0957677
1_1,Cyclic Voltammetry,140.038,-0.197811,-0.197811,-1.72E-05,0,-7.71E-08,0.0958417
1_1,Cyclic Voltammetry,140.138,-0.198789,-0.198789,-1.74E-05,0,-7.76E-08,0.095899
1_1,Cyclic Voltammetry,140.237,-0.199816,-0.199816,-1.75E-05,0,-7.81E-08,0.0959476
1_1,Cyclic Voltammetry,140.337,-0.200805,-0.200805,-1.77E-05,0,-7.86E-08,0.0960507
1_1,Cyclic Voltammetry,140.436,-0.201781,-0.201781,-1.78E-05,0,-7.91E-08,0.0961104
1_1,Cyclic Voltammetry,140.536,-0.202776,-0.202776,-1.79E-05,0,-7.95E-08,0.0962199
1_1,Cyclic Voltammetry,140.636,-0.20374,-0.20374,-1.81E-05,0,-8.00E-08,0.096292
1_1,Cyclic Voltammetry,140.735,-0.204757,-0.204757,-1.81E-05,0,-8.05E-08,0.0963068
1_1,Cyclic Voltammetry,140.835,-0.205756,-0.205756,-1.82E-05,0,-8.11E-08,0.096345
1_1,Cyclic Voltammetry,140.934,-0.206771,-0.206771,-1.83E-05,0,-8.16E-08,0.0963857
1_1,Cyclic Voltammetry,141.034,-0.207767,-0.207767,-1.83E-05,0,-8.21E-08,0.0964469
1_1,Cyclic Voltammetry,141.134,-0.208745,-0.208745,-1.84E-05,0,-8.26E-08,0.0964975
1_1,Cyclic Voltammetry,141.233,-0.209787,-0.209787,-1.84E-05,0,-8.31E-08,0.0965273
1_1,Cyclic Voltammetry,141.333,-0.210767,-0.210767,-1.84E-05,0,-8.36E-08,0.096579
1_1,Cyclic Voltammetry,141.432,-0.211755,-0.211755,-1.84E-05,0,-8.41E-08,0.0966904
1_1,Cyclic Voltammetry,141.532,-0.212734,-0.212734,-1.84E-05,0,-8.46E-08,0.0967904
1_1,Cyclic Voltammetry,141.632,-0.213723,-0.213723,-1.84E-05,0,-8.51E-08,0.0967997
1_1,Cyclic Voltammetry,141.731,-0.214741,-0.214741,-1.84E-05,0,-8.56E-08,0.0967791
1_1,Cyclic Voltammetry,141.831,-0.215737,-0.215737,-1.84E-05,0,-8.61E-08,0.0968403
1_1,Cyclic Voltammetry,141.93,-0.216718,-0.216718,-1.83E-05,0,-8.66E-08,0.0969218
1_1,Cyclic Voltammetry,142.03,-0.21772,-0.21772,-1.83E-05,0,-8.72E-08,0.0969885
1_1,Cyclic Voltammetry,142.13,-0.218689,-0.218689,-1.83E-05,0,-8.77E-08,0.0970287
1_1,Cyclic Voltammetry,142.229,-0.219693,-0.219693,-1.82E-05,0,-8.82E-08,0.0970326
1_1,Cyclic Voltammetry,142.329,-0.220708,-0.220708,-1.82E-05,0,-8.87E-08,0.0970628
1_1,Cyclic Voltammetry,142.428,-0.22169,-0.22169,-1.82E-05,0,-8.92E-08,0.0971813
1_1,Cyclic Voltammetry,142.528,-0.222669,-0.222669,-1.82E-05,0,-8.97E-08,0.0972788
1_1,Cyclic Voltammetry,142.628,-0.223659,-0.223659,-1.82E-05,0,-9.02E-08,0.097307
1_1,Cyclic Voltammetry,142.727,-0.224678,-0.224678,-1.82E-05,0,-9.07E-08,0.0973064
1_1,Cyclic Voltammetry,142.827,-0.225703,-0.225703,-1.82E-05,0,-9.12E-08,0.0974028
1_1,Cyclic Voltammetry,142.926,-0.226703,-0.226703,-1.82E-05,0,-9.17E-08,0.0974431
1_1,Cyclic Voltammetry,143.026,-0.227666,-0.227666,-1.83E-05,0,-9.22E-08,0.0975641
1_1,Cyclic Voltammetry,143.126,-0.228642,-0.228642,-1.84E-05,0,-9.27E-08,0.0976482
1_1,Cyclic Voltammetry,143.225,-0.229656,-0.229656,-1.84E-05,0,-9.32E-08,0.0977079
1_1,Cyclic Voltammetry,143.325,-0.230643,-0.230643,-1.85E-05,0,-9.37E-08,0.0977715
1_1,Cyclic Voltammetry,143.424,-0.23161,-0.23161,-1.87E-05,0,-9.42E-08,0.0978801
1_1,Cyclic Voltammetry,143.524,-0.232614,-0.232614,-1.87E-05,0,-9.48E-08,0.0979667
1_1,Cyclic Voltammetry,143.624,-0.233576,-0.233576,-1.89E-05,0,-9.53E-08,0.0980572
1_1,Cyclic Voltammetry,143.723,-0.234601,-0.234601,-1.90E-05,0,-9.58E-08,0.0980815
1_1,Cyclic Voltammetry,143.823,-0.235614,-0.235614,-1.91E-05,0,-9.63E-08,0.0981142
1_1,Cyclic Voltammetry,143.922,-0.236599,-0.236599,-1.93E-05,0,-9.69E-08,0.0981749
1_1,Cyclic Voltammetry,144.022,-0.237597,-0.237597,-1.95E-05,0,-9.74E-08,0.0982879
1_1,Cyclic Voltammetry,144.122,-0.23856,-0.23856,-1.97E-05,0,-9.79E-08,0.098391
1_1,Cyclic Voltammetry,144.221,-0.239534,-0.239534,-1.99E-05,0,-9.85E-08,0.0984701
1_1,Cyclic Voltammetry,144.321,-0.240574,-0.240574,-2.01E-05,0,-9.90E-08,0.0985033
1_1,Cyclic Voltammetry,144.42,-0.241596,-0.241596,-2.02E-05,0,-9.96E-08,0.0985566
1_1,Cyclic Voltammetry,144.52,-0.24258,-0.24258,-2.04E-05,0,-1.00E-07,0.0986611
1_1,Cyclic Voltammetry,144.62,-0.24357,-0.24357,-2.05E-05,0,-1.01E-07,0.0988145
1_1,Cyclic Voltammetry,144.719,-0.244564,-0.244564,-2.07E-05,0,-1.01E-07,0.0989205
1_1,Cyclic Voltammetry,144.819,-0.245545,-0.245545,-2.08E-05,0,-1.02E-07,0.0989667
1_1,Cyclic Voltammetry,144.918,-0.246551,-0.246551,-2.10E-05,0,-1.02E-07,0.0990314
1_1,Cyclic Voltammetry,145.018,-0.247517,-0.247517,-2.12E-05,0,-1.03E-07,0.099121
1_1,Cyclic Voltammetry,145.118,-0.248512,-0.248512,-2.13E-05,0,-1.04E-07,0.0992166
1_1,Cyclic Voltammetry,145.217,-0.249504,-0.249504,-2.15E-05,0,-1.04E-07,0.0993291
1_1,Cyclic Voltammetry,145.317,-0.250486,-0.250486,-2.15E-05,0,-1.05E-07,0.0993863
1_1,Cyclic Voltammetry,145.416,-0.251496,-0.251496,-2.16E-05,0,-1.05E-07,0.09942
1_1,Cyclic Voltammetry,145.516,-0.252473,-0.252473,-2.17E-05,0,-1.06E-07,0.0995235
1_1,Cyclic Voltammetry,145.616,-0.253465,-0.253465,-2.17E-05,0,-1.07E-07,0.0995888
1_1,Cyclic Voltammetry,145.715,-0.254428,-0.254428,-2.18E-05,0,-1.07E-07,0.0996594
1_1,Cyclic Voltammetry,145.815,-0.255433,-0.255433,-2.18E-05,0,-1.08E-07,0.0997006
1_1,Cyclic Voltammetry,145.914,-0.256469,-0.256469,-2.19E-05,0,-1.08E-07,0.0997084
1_1,Cyclic Voltammetry,146.014,-0.257466,-0.257466,-2.19E-05,0,-1.09E-07,0.099782
1_1,Cyclic Voltammetry,146.114,-0.258473,-0.258473,-2.19E-05,0,-1.10E-07,0.099874
1_1,Cyclic Voltammetry,146.213,-0.259435,-0.259435,-2.19E-05,0,-1.10E-07,0.100006
1_1,Cyclic Voltammetry,146.313,-0.260432,-0.260432,-2.19E-05,0,-1.11E-07,0.100065
1_1,Cyclic Voltammetry,146.412,-0.261448,-0.261448,-2.19E-05,0,-1.11E-07,0.100102
1_1,Cyclic Voltammetry,146.512,-0.262504,-0.262504,-2.19E-05,0,-1.12E-07,0.100133
1_1,Cyclic Voltammetry,146.612,-0.263464,-0.263464,-2.19E-05,0,-1.13E-07,0.100168
1_1,Cyclic Voltammetry,146.711,-0.264439,-0.264439,-2.19E-05,0,-1.13E-07,0.100259
1_1,Cyclic Voltammetry,146.811,-0.265426,-0.265426,-2.19E-05,0,-1.14E-07,0.100356
1_1,Cyclic Voltammetry,146.91,-0.266372,-0.266372,-2.19E-05,0,-1.14E-07,0.100419
1_1,Cyclic Voltammetry,147.01,-0.267394,-0.267394,-2.20E-05,0,-1.15E-07,0.100507
1_1,Cyclic Voltammetry,147.11,-0.268395,-0.268395,-2.20E-05,0,-1.16E-07,0.100576
1_1,Cyclic Voltammetry,147.209,-0.269396,-0.269396,-2.20E-05,0,-1.16E-07,0.100698
1_1,Cyclic Voltammetry,147.309,-0.270598,-0.270598,-2.20E-05,0,-1.17E-07,0.100899
1_1,Cyclic Voltammetry,147.408,-0.271421,-0.271421,-2.20E-05,0,-1.18E-07,0.100936
1_1,Cyclic Voltammetry,147.508,-0.27242,-0.27242,-2.21E-05,0,-1.18E-07,0.100959
1_1,Cyclic Voltammetry,147.608,-0.273399,-0.273399,-2.22E-05,0,-1.19E-07,0.101047
1_1,Cyclic Voltammetry,147.707,-0.274379,-0.274379,-2.23E-05,0,-1.19E-07,0.101143
1_1,Cyclic Voltammetry,147.807,-0.275362,-0.275362,-2.25E-05,0,-1.20E-07,0.101194
1_1,Cyclic Voltammetry,147.906,-0.276339,-0.276339,-2.26E-05,0,-1.21E-07,0.101262
1_1,Cyclic Voltammetry,148.006,-0.277367,-0.277367,-2.27E-05,0,-1.21E-07,0.101367
1_1,Cyclic Voltammetry,148.106,-0.278406,-0.278406,-2.28E-05,0,-1.22E-07,0.101456
1_1,Cyclic Voltammetry,148.205,-0.279384,-0.279384,-2.30E-05,0,-1.22E-07,0.101587
1_1,Cyclic Voltammetry,148.305,-0.280368,-0.280368,-2.31E-05,0,-1.23E-07,0.101686
1_1,Cyclic Voltammetry,148.404,-0.281365,-0.281365,-2.33E-05,0,-1.24E-07,0.101722
1_1,Cyclic Voltammetry,148.504,-0.28234,-0.28234,-2.35E-05,0,-1.24E-07,0.101802
1_1,Cyclic Voltammetry,148.604,-0.283367,-0.283367,-2.37E-05,0,-1.25E-07,0.101901
1_1,Cyclic Voltammetry,148.703,-0.284335,-0.284335,-2.39E-05,0,-1.26E-07,0.102023
1_1,Cyclic Voltammetry,148.803,-0.285314,-0.285314,-2.42E-05,0,-1.26E-07,0.102152
1_1,Cyclic Voltammetry,148.902,-0.286315,-0.286315,-2.43E-05,0,-1.27E-07,0.10226
1_1,Cyclic Voltammetry,149.002,-0.287323,-0.287323,-2.46E-05,0,-1.28E-07,0.102351
1_1,Cyclic Voltammetry,149.102,-0.288311,-0.288311,-2.48E-05,0,-1.28E-07,0.102429
1_1,Cyclic Voltammetry,149.201,-0.289325,-0.289325,-2.50E-05,0,-1.29E-07,0.102504
1_1,Cyclic Voltammetry,149.301,-0.290319,-0.290319,-2.51E-05,0,-1.30E-07,0.102597
1_1,Cyclic Voltammetry,149.4,-0.291313,-0.291313,-2.53E-05,0,-1.30E-07,0.102682
1_1,Cyclic Voltammetry,149.5,-0.292296,-0.292296,-2.55E-05,0,-1.31E-07,0.102837
1_1,Cyclic Voltammetry,149.6,-0.293299,-0.293299,-2.57E-05,0,-1.32E-07,0.102924
1_1,Cyclic Voltammetry,149.699,-0.294285,-0.294285,-2.59E-05,0,-1.33E-07,0.103054
1_1,Cyclic Voltammetry,149.799,-0.295293,-0.295293,-2.60E-05,0,-1.33E-07,0.10317
1_1,Cyclic Voltammetry,149.898,-0.296285,-0.296285,-2.62E-05,0,-1.34E-07,0.103221
1_1,Cyclic Voltammetry,149.998,-0.297267,-0.297267,-2.63E-05,0,-1.35E-07,0.103261
1_1,Cyclic Voltammetry,150.098,-0.298249,-0.298249,-2.64E-05,0,-1.36E-07,0.103354
1_1,Cyclic Voltammetry,150.197,-0.299212,-0.299212,-2.65E-05,0,-1.36E-07,0.10345
1_1,Cyclic Voltammetry,150.297,-0.300187,-0.300187,-2.66E-05,0,-1.37E-07,0.103535
1_1,Cyclic Voltammetry,150.396,-0.301184,-0.301184,-2.67E-05,0,-1.38E-07,0.103674
1_1,Cyclic Voltammetry,150.496,-0.302187,-0.302187,-2.67E-05,0,-1.38E-07,0.103755
1_1,Cyclic Voltammetry,150.596,-0.3032,-0.3032,-2.68E-05,0,-1.39E-07,0.103835
1_1,Cyclic Voltammetry,150.695,-0.304198,-0.304198,-2.69E-05,0,-1.40E-07,0.103923
1_1,Cyclic Voltammetry,150.795,-0.30522,-0.30522,-2.69E-05,0,-1.41E-07,0.103986
1_1,Cyclic Voltammetry,150.894,-0.30619,-0.30619,-2.70E-05,0,-1.41E-07,0.104059
1_1,Cyclic Voltammetry,150.994,-0.307204,-0.307204,-2.70E-05,0,-1.42E-07,0.1042
1_1,Cyclic Voltammetry,151.094,-0.308175,-0.308175,-2.70E-05,0,-1.43E-07,0.104235
1_1,Cyclic Voltammetry,151.193,-0.309175,-0.309175,-2.70E-05,0,-1.44E-07,0.104328
1_1,Cyclic Voltammetry,151.293,-0.310172,-0.310172,-2.71E-05,0,-1.44E-07,0.104448
1_1,Cyclic Voltammetry,151.392,-0.311151,-0.311151,-2.72E-05,0,-1.45E-07,0.10452
1_1,Cyclic Voltammetry,151.492,-0.312157,-0.312157,-2.72E-05,0,-1.46E-07,0.104626
1_1,Cyclic Voltammetry,151.592,-0.313136,-0.313136,-2.73E-05,0,-1.47E-07,0.104694
1_1,Cyclic Voltammetry,151.691,-0.314128,-0.314128,-2.73E-05,0,-1.47E-07,0.104777
1_1,Cyclic Voltammetry,151.791,-0.315117,-0.315117,-2.74E-05,0,-1.48E-07,0.104887
1_1,Cyclic Voltammetry,151.89,-0.31609,-0.31609,-2.74E-05,0,-1.49E-07,0.104938
1_1,Cyclic Voltammetry,151.99,-0.317113,-0.317113,-2.76E-05,0,-1.50E-07,0.105038
1_1,Cyclic Voltammetry,152.09,-0.318063,-0.318063,-2.76E-05,0,-1.50E-07,0.105164
1_1,Cyclic Voltammetry,152.189,-0.31909,-0.31909,-2.78E-05,0,-1.51E-07,0.105293
1_1,Cyclic Voltammetry,152.289,-0.320096,-0.320096,-2.79E-05,0,-1.52E-07,0.105355
1_1,Cyclic Voltammetry,152.388,-0.321103,-0.321103,-2.81E-05,0,-1.53E-07,0.105459
1_1,Cyclic Voltammetry,152.488,-0.322113,-0.322113,-2.83E-05,0,-1.54E-07,0.105607
1_1,Cyclic Voltammetry,152.588,-0.323106,-0.323106,-2.85E-05,0,-1.54E-07,0.105718
1_1,Cyclic Voltammetry,152.687,-0.3241,-0.3241,-2.86E-05,0,-1.55E-07,0.105829
1_1,Cyclic Voltammetry,152.787,-0.325087,-0.325087,-2.88E-05,0,-1.56E-07,0.105934
1_1,Cyclic Voltammetry,152.886,-0.326055,-0.326055,-2.90E-05,0,-1.57E-07,0.106084
1_1,Cyclic Voltammetry,152.986,-0.32704,-0.32704,-2.92E-05,0,-1.58E-07,0.106207
1_1,Cyclic Voltammetry,153.086,-0.328071,-0.328071,-2.94E-05,0,-1.58E-07,0.106292
1_1,Cyclic Voltammetry,153.185,-0.329077,-0.329077,-2.97E-05,0,-1.59E-07,0.106391
1_1,Cyclic Voltammetry,153.285,-0.330069,-0.330069,-3.00E-05,0,-1.60E-07,0.106519
1_1,Cyclic Voltammetry,153.384,-0.33101,-0.33101,-3.03E-05,0,-1.61E-07,0.106654
1_1,Cyclic Voltammetry,153.484,-0.332022,-0.332022,-3.05E-05,0,-1.62E-07,0.106789
1_1,Cyclic Voltammetry,153.584,-0.333049,-0.333049,-3.08E-05,0,-1.63E-07,0.1069
1_1,Cyclic Voltammetry,153.683,-0.334075,-0.334075,-3.10E-05,0,-1.63E-07,0.107028
1_1,Cyclic Voltammetry,153.783,-0.335058,-0.335058,-3.13E-05,0,-1.64E-07,0.107132
1_1,Cyclic Voltammetry,153.882,-0.336034,-0.336034,-3.15E-05,0,-1.65E-07,0.107226
1_1,Cyclic Voltammetry,153.982,-0.337023,-0.337023,-3.18E-05,0,-1.66E-07,0.107384
1_1,Cyclic Voltammetry,154.082,-0.338021,-0.338021,-3.20E-05,0,-1.67E-07,0.107532
1_1,Cyclic Voltammetry,154.181,-0.33901,-0.33901,-3.22E-05,0,-1.68E-07,0.107636
1_1,Cyclic Voltammetry,154.281,-0.339952,-0.339952,-3.24E-05,0,-1.69E-07,0.107761
1_1,Cyclic Voltammetry,154.38,-0.340948,-0.340948,-3.27E-05,0,-1.70E-07,0.107894
1_1,Cyclic Voltammetry,154.48,-0.341929,-0.341929,-3.29E-05,0,-1.70E-07,0.107976
1_1,Cyclic Voltammetry,154.58,-0.342922,-0.342922,-3.31E-05,0,-1.71E-07,0.108086
1_1,Cyclic Voltammetry,154.679,-0.34393,-0.34393,-3.33E-05,0,-1.72E-07,0.108203
1_1,Cyclic Voltammetry,154.779,-0.344913,-0.344913,-3.35E-05,0,-1.73E-07,0.10835
1_1,Cyclic Voltammetry,154.878,-0.345914,-0.345914,-3.37E-05,0,-1.74E-07,0.108513
1_1,Cyclic Voltammetry,154.978,-0.346886,-0.346886,-3.38E-05,0,-1.75E-07,0.108636
1_1,Cyclic Voltammetry,155.078,-0.347872,-0.347872,-3.40E-05,0,-1.76E-07,0.108701
1_1,Cyclic Voltammetry,155.177,-0.3489,-0.3489,-3.41E-05,0,-1.77E-07,0.108824
1_1,Cyclic Voltammetry,155.277,-0.349901,-0.349901,-3.42E-05,0,-1.78E-07,0.108958
1_1,Cyclic Voltammetry,155.376,-0.35088,-0.35088,-3.43E-05,0,-1.79E-07,0.109085
1_1,Cyclic Voltammetry,155.476,-0.351905,-0.351905,-3.46E-05,0,-1.80E-07,0.109161
1_1,Cyclic Voltammetry,155.576,-0.352854,-0.352854,-3.47E-05,0,-1.81E-07,0.109238
1_1,Cyclic Voltammetry,155.675,-0.353886,-0.353886,-3.48E-05,0,-1.82E-07,0.10936
1_1,Cyclic Voltammetry,155.775,-0.354891,-0.354891,-3.48E-05,0,-1.83E-07,0.109527
1_1,Cyclic Voltammetry,155.874,-0.355898,-0.355898,-3.50E-05,0,-1.84E-07,0.109684
1_1,Cyclic Voltammetry,155.974,-0.356866,-0.356866,-3.51E-05,0,-1.85E-07,0.109834
1_1,Cyclic Voltammetry,156.074,-0.357861,-0.357861,-3.52E-05,0,-1.86E-07,0.109939
1_1,Cyclic Voltammetry,156.173,-0.358886,-0.358886,-3.54E-05,0,-1.87E-07,0.110038
1_1,Cyclic Voltammetry,156.273,-0.359912,-0.359912,-3.56E-05,0,-1.88E-07,0.110147
1_1,Cyclic Voltammetry,156.372,-0.360905,-0.360905,-3.57E-05,0,-1.89E-07,0.110308
1_1,Cyclic Voltammetry,156.472,-0.361844,-0.361844,-3.59E-05,0,-1.90E-07,0.110451
1_1,Cyclic Voltammetry,156.572,-0.362816,-0.362816,-3.61E-05,0,-1.91E-07,0.110569
1_1,Cyclic Voltammetry,156.671,-0.363822,-0.363822,-3.63E-05,0,-1.92E-07,0.110678
1_1,Cyclic Voltammetry,156.771,-0.364838,-0.364838,-3.65E-05,0,-1.93E-07,0.110839
1_1,Cyclic Voltammetry,156.87,-0.365866,-0.365866,-3.67E-05,0,-1.94E-07,0.111012
1_1,Cyclic Voltammetry,156.97,-0.366878,-0.366878,-3.70E-05,0,-1.95E-07,0.11114
1_1,Cyclic Voltammetry,157.07,-0.367844,-0.367844,-3.73E-05,0,-1.96E-07,0.11126
1_1,Cyclic Voltammetry,157.169,-0.368843,-0.368843,-3.76E-05,0,-1.97E-07,0.111386
1_1,Cyclic Voltammetry,157.269,-0.369864,-0.369864,-3.79E-05,0,-1.98E-07,0.111519
1_1,Cyclic Voltammetry,157.368,-0.370903,-0.370903,-3.82E-05,0,-1.99E-07,0.111661
1_1,Cyclic Voltammetry,157.468,-0.3719,-0.3719,-3.85E-05,0,-2.00E-07,0.11186
1_1,Cyclic Voltammetry,157.568,-0.372868,-0.372868,-3.88E-05,0,-2.01E-07,0.112004
1_1,Cyclic Voltammetry,157.667,-0.373872,-0.373872,-3.92E-05,0,-2.02E-07,0.11216
1_1,Cyclic Voltammetry,157.767,-0.374855,-0.374855,-3.96E-05,0,-2.03E-07,0.112342
1_1,Cyclic Voltammetry,157.866,-0.375886,-0.375886,-4.00E-05,0,-2.04E-07,0.112524
1_1,Cyclic Voltammetry,157.966,-0.376897,-0.376897,-4.04E-05,0,-2.05E-07,0.112695
1_1,Cyclic Voltammetry,158.066,-0.377903,-0.377903,-4.08E-05,0,-2.06E-07,0.112815
1_1,Cyclic Voltammetry,158.165,-0.378872,-0.378872,-4.11E-05,0,-2.07E-07,0.112939
1_1,Cyclic Voltammetry,158.265,-0.379855,-0.379855,-4.15E-05,0,-2.09E-07,0.113121
1_1,Cyclic Voltammetry,158.364,-0.380852,-0.380852,-4.19E-05,0,-2.10E-07,0.113352
1_1,Cyclic Voltammetry,158.464,-0.381856,-0.381856,-4.23E-05,0,-2.11E-07,0.113475
1_1,Cyclic Voltammetry,158.564,-0.382855,-0.382855,-4.27E-05,0,-2.12E-07,0.113619
1_1,Cyclic Voltammetry,158.663,-0.383807,-0.383807,-4.31E-05,0,-2.13E-07,0.113801
1_1,Cyclic Voltammetry,158.763,-0.384835,-0.384835,-4.35E-05,0,-2.15E-07,0.113985
1_1,Cyclic Voltammetry,158.862,-0.385866,-0.385866,-4.39E-05,0,-2.16E-07,0.114184
1_1,Cyclic Voltammetry,158.962,-0.386889,-0.386889,-4.42E-05,0,-2.17E-07,0.114332
1_1,Cyclic Voltammetry,159.062,-0.387864,-0.387864,-4.46E-05,0,-2.18E-07,0.114479
1_1,Cyclic Voltammetry,159.161,-0.388844,-0.388844,-4.49E-05,0,-2.19E-07,0.11466
1_1,Cyclic Voltammetry,159.261,-0.389824,-0.389824,-4.52E-05,0,-2.21E-07,0.114854
1_1,Cyclic Voltammetry,159.36,-0.390815,-0.390815,-4.56E-05,0,-2.22E-07,0.115024
1_1,Cyclic Voltammetry,159.46,-0.391832,-0.391832,-4.59E-05,0,-2.23E-07,0.115197
1_1,Cyclic Voltammetry,159.56,-0.392804,-0.392804,-4.62E-05,0,-2.24E-07,0.115382
1_1,Cyclic Voltammetry,159.659,-0.393784,-0.393784,-4.65E-05,0,-2.26E-07,0.115524
1_1,Cyclic Voltammetry,159.759,-0.394797,-0.394797,-4.69E-05,0,-2.27E-07,0.115689
1_1,Cyclic Voltammetry,159.858,-0.395814,-0.395814,-4.72E-05,0,-2.28E-07,0.115827
1_1,Cyclic Voltammetry,159.958,-0.396815,-0.396815,-4.75E-05,0,-2.30E-07,0.116
1_1,Cyclic Voltammetry,160.058,-0.397781,-0.397781,-4.78E-05,0,-2.31E-07,0.116182
1_1,Cyclic Voltammetry,160.157,-0.398755,-0.398755,-4.81E-05,0,-2.32E-07,0.1164
1_1,Cyclic Voltammetry,160.257,-0.399712,-0.399712,-4.84E-05,0,-2.34E-07,0.116531
1_1,Cyclic Voltammetry,160.356,-0.400747,-0.400747,-4.87E-05,0,-2.35E-07,0.116686
1_1,Cyclic Voltammetry,160.456,-0.401769,-0.401769,-4.90E-05,0,-2.36E-07,0.116823
1_1,Cyclic Voltammetry,160.556,-0.402776,-0.402776,-4.93E-05,0,-2.38E-07,0.117089
1_1,Cyclic Voltammetry,160.655,-0.403783,-0.403783,-4.97E-05,0,-2.39E-07,0.117275
1_1,Cyclic Voltammetry,160.755,-0.404793,-0.404793,-5.01E-05,0,-2.40E-07,0.117425
1_1,Cyclic Voltammetry,160.854,-0.40572,-0.40572,-5.03E-05,0,-2.42E-07,0.117592
1_1,Cyclic Voltammetry,160.954,-0.406753,-0.406753,-5.07E-05,0,-2.43E-07,0.117796
1_1,Cyclic Voltammetry,161.054,-0.407752,-0.407752,-5.11E-05,0,-2.45E-07,0.118026
1_1,Cyclic Voltammetry,161.153,-0.408738,-0.408738,-5.15E-05,0,-2.46E-07,0.118214
1_1,Cyclic Voltammetry,161.253,-0.409762,-0.409762,-5.20E-05,0,-2.47E-07,0.118414
1_1,Cyclic Voltammetry,161.352,-0.410738,-0.410738,-5.24E-05,0,-2.49E-07,0.118584
1_1,Cyclic Voltammetry,161.452,-0.411776,-0.411776,-5.29E-05,0,-2.50E-07,0.118811
1_1,Cyclic Voltammetry,161.552,-0.412816,-0.412816,-5.34E-05,0,-2.52E-07,0.119039
1_1,Cyclic Voltammetry,161.651,-0.41381,-0.41381,-5.39E-05,0,-2.53E-07,0.119285
1_1,Cyclic Voltammetry,161.751,-0.414802,-0.414802,-5.45E-05,0,-2.55E-07,0.119478
1_1,Cyclic Voltammetry,161.85,-0.415746,-0.415746,-5.50E-05,0,-2.56E-07,0.119712
1_1,Cyclic Voltammetry,161.95,-0.416734,-0.416734,-5.56E-05,0,-2.58E-07,0.119967
1_1,Cyclic Voltammetry,162.05,-0.417755,-0.417755,-5.62E-05,0,-2.59E-07,0.120269
1_1,Cyclic Voltammetry,162.149,-0.418747,-0.418747,-5.68E-05,0,-2.61E-07,0.120531
1_1,Cyclic Voltammetry,162.249,-0.419741,-0.419741,-5.74E-05,0,-2.63E-07,0.120695
1_1,Cyclic Voltammetry,162.348,-0.420731,-0.420731,-5.80E-05,0,-2.64E-07,0.120908
1_1,Cyclic Voltammetry,162.448,-0.421755,-0.421755,-5.87E-05,0,-2.66E-07,0.121166
1_1,Cyclic Voltammetry,162.548,-0.422748,-0.422748,-5.94E-05,0,-2.67E-07,0.121385
1_1,Cyclic Voltammetry,162.647,-0.423731,-0.423731,-6.01E-05,0,-2.69E-07,0.121647
1_1,Cyclic Voltammetry,162.747,-0.424697,-0.424697,-6.07E-05,0,-2.71E-07,0.121908
1_1,Cyclic Voltammetry,162.846,-0.425658,-0.425658,-6.13E-05,0,-2.72E-07,0.122121
1_1,Cyclic Voltammetry,162.946,-0.426681,-0.426681,-6.20E-05,0,-2.74E-07,0.122371
1_1,Cyclic Voltammetry,163.046,-0.427699,-0.427699,-6.27E-05,0,-2.76E-07,0.12264
1_1,Cyclic Voltammetry,163.145,-0.428716,-0.428716,-6.33E-05,0,-2.78E-07,0.122933
1_1,Cyclic Voltammetry,163.245,-0.429705,-0.429705,-6.40E-05,0,-2.79E-07,0.123158
1_1,Cyclic Voltammetry,163.344,-0.43068,-0.43068,-6.47E-05,0,-2.81E-07,0.123423
1_1,Cyclic Voltammetry,163.444,-0.431675,-0.431675,-6.54E-05,0,-2.83E-07,0.123703
1_1,Cyclic Voltammetry,163.544,-0.432693,-0.432693,-6.60E-05,0,-2.85E-07,0.123969
1_1,Cyclic Voltammetry,163.643,-0.433696,-0.433696,-6.67E-05,0,-2.87E-07,0.124224
1_1,Cyclic Voltammetry,163.743,-0.434699,-0.434699,-6.73E-05,0,-2.88E-07,0.124483
1_1,Cyclic Voltammetry,163.842,-0.435686,-0.435686,-6.79E-05,0,-2.90E-07,0.124779
1_1,Cyclic Voltammetry,163.942,-0.43669,-0.43669,-6.86E-05,0,-2.92E-07,0.125047
1_1,Cyclic Voltammetry,164.042,-0.437717,-0.437717,-6.92E-05,0,-2.94E-07,0.125261
1_1,Cyclic Voltammetry,164.141,-0.438737,-0.438737,-6.99E-05,0,-2.96E-07,0.125515
1_1,Cyclic Voltammetry,164.241,-0.43973,-0.43973,-7.05E-05,0,-2.98E-07,0.125854
1_1,Cyclic Voltammetry,164.34,-0.4407,-0.4407,-7.12E-05,0,-3.00E-07,0.126103
1_1,Cyclic Voltammetry,164.44,-0.441662,-0.441662,-7.18E-05,0,-3.02E-07,0.126349
1_1,Cyclic Voltammetry,164.54,-0.442671,-0.442671,-7.25E-05,0,-3.04E-07,0.126625
1_1,Cyclic Voltammetry,164.639,-0.443669,-0.443669,-7.30E-05,0,-3.06E-07,0.126946
1_1,Cyclic Voltammetry,164.739,-0.444682,-0.444682,-7.37E-05,0,-3.08E-07,0.127241
1_1,Cyclic Voltammetry,164.838,-0.445693,-0.445693,-7.44E-05,0,-3.10E-07,0.127515
1_1,Cyclic Voltammetry,164.938,-0.446669,-0.446669,-7.50E-05,0,-3.12E-07,0.127804
1_1,Cyclic Voltammetry,165.038,-0.447665,-0.447665,-7.57E-05,0,-3.14E-07,0.128109
1_1,Cyclic Voltammetry,165.137,-0.448684,-0.448684,-7.65E-05,0,-3.16E-07,0.128394
1_1,Cyclic Voltammetry,165.237,-0.449656,-0.449656,-7.72E-05,0,-3.18E-07,0.128743
1_1,Cyclic Voltammetry,165.336,-0.450645,-0.450645,-7.79E-05,0,-3.21E-07,0.129076
1_1,Cyclic Voltammetry,165.436,-0.451631,-0.451631,-7.87E-05,0,-3.23E-07,0.129391
1_1,Cyclic Voltammetry,165.536,-0.452611,-0.452611,-7.95E-05,0,-3.25E-07,0.129711
1_1,Cyclic Voltammetry,165.635,-0.453646,-0.453646,-8.03E-05,0,-3.27E-07,0.130038
1_1,Cyclic Voltammetry,165.735,-0.454653,-0.454653,-8.11E-05,0,-3.29E-07,0.130385
1_1,Cyclic Voltammetry,165.834,-0.455645,-0.455645,-8.20E-05,0,-3.32E-07,0.130756
1_1,Cyclic Voltammetry,165.934,-0.456648,-0.456648,-8.28E-05,0,-3.34E-07,0.131083
1_1,Cyclic Voltammetry,166.034,-0.45763,-0.45763,-8.37E-05,0,-3.36E-07,0.131388
1_1,Cyclic Voltammetry,166.133,-0.458594,-0.458594,-8.46E-05,0,-3.38E-07,0.131744
1_1,Cyclic Voltammetry,166.233,-0.459602,-0.459602,-8.56E-05,0,-3.41E-07,0.132136
1_1,Cyclic Voltammetry,166.332,-0.4606,-0.4606,-8.66E-05,0,-3.43E-07,0.132529
1_1,Cyclic Voltammetry,166.432,-0.461594,-0.461594,-8.76E-05,0,-3.46E-07,0.132837
1_1,Cyclic Voltammetry,166.532,-0.462566,-0.462566,-8.86E-05,0,-3.48E-07,0.133207
1_1,Cyclic Voltammetry,166.631,-0.463546,-0.463546,-8.96E-05,0,-3.51E-07,0.133596
1_1,Cyclic Voltammetry,166.731,-0.464587,-0.464587,-9.07E-05,0,-3.53E-07,0.133973
1_1,Cyclic Voltammetry,166.83,-0.465641,-0.465641,-9.18E-05,0,-3.56E-07,0.134368
1_1,Cyclic Voltammetry,166.93,-0.466614,-0.466614,-9.29E-05,0,-3.58E-07,0.134775
1_1,Cyclic Voltammetry,167.03,-0.467571,-0.467571,-9.39E-05,0,-3.61E-07,0.135175
1_1,Cyclic Voltammetry,167.129,-0.468543,-0.468543,-9.50E-05,0,-3.63E-07,0.135622
1_1,Cyclic Voltammetry,167.229,-0.469578,-0.469578,-9.62E-05,0,-3.66E-07,0.135992
1_1,Cyclic Voltammetry,167.328,-0.470607,-0.470607,-9.73E-05,0,-3.69E-07,0.136354
1_1,Cyclic Voltammetry,167.428,-0.4716,-0.4716,-9.84E-05,0,-3.71E-07,0.136749
1_1,Cyclic Voltammetry,167.528,-0.472582,-0.472582,-9.95E-05,0,-3.74E-07,0.137168
1_1,Cyclic Voltammetry,167.627,-0.473561,-0.473561,-0.000100607,0,-3.77E-07,0.137596
1_1,Cyclic Voltammetry,167.727,-0.474574,-0.474574,-0.000101791,0,-3.80E-07,0.138012
1_1,Cyclic Voltammetry,167.826,-0.475581,-0.475581,-0.00010294,0,-3.82E-07,0.138457
1_1,Cyclic Voltammetry,167.926,-0.47656,-0.47656,-0.000104106,0,-3.85E-07,0.138875
1_1,Cyclic Voltammetry,168.026,-0.477584,-0.477584,-0.000105216,0,-3.88E-07,0.139319
1_1,Cyclic Voltammetry,168.125,-0.47859,-0.47859,-0.000106305,0,-3.91E-07,0.139783
1_1,Cyclic Voltammetry,168.225,-0.479597,-0.479597,-0.000107394,0,-3.94E-07,0.140173
1_1,Cyclic Voltammetry,168.324,-0.480597,-0.480597,-0.000108523,0,-3.97E-07,0.140612
1_1,Cyclic Voltammetry,168.424,-0.481586,-0.481586,-0.000109682,0,-4.00E-07,0.141036
1_1,Cyclic Voltammetry,168.524,-0.48252,-0.48252,-0.000110751,0,-4.03E-07,0.141507
1_1,Cyclic Voltammetry,168.623,-0.483539,-0.483539,-0.000111909,0,-4.06E-07,0.141985
1_1,Cyclic Voltammetry,168.723,-0.48454,-0.48454,-0.000113043,0,-4.09E-07,0.142431
1_1,Cyclic Voltammetry,168.822,-0.48554,-0.48554,-0.000114208,0,-4.12E-07,0.142892
1_1,Cyclic Voltammetry,168.922,-0.486539,-0.486539,-0.000115353,0,-4.16E-07,0.143375
1_1,Cyclic Voltammetry,169.022,-0.48754,-0.48754,-0.000116389,0,-4.19E-07,0.143838
1_1,Cyclic Voltammetry,169.121,-0.488581,-0.488581,-0.000117543,0,-4.22E-07,0.144329
1_1,Cyclic Voltammetry,169.221,-0.489584,-0.489584,-0.000118676,0,-4.25E-07,0.144787
1_1,Cyclic Voltammetry,169.32,-0.490586,-0.490586,-0.000119898,0,-4.29E-07,0.145281
1_1,Cyclic Voltammetry,169.42,-0.491577,-0.491577,-0.000121101,0,-4.32E-07,0.145789
1_1,Cyclic Voltammetry,169.52,-0.492592,-0.492592,-0.00012232,0,-4.35E-07,0.146283
1_1,Cyclic Voltammetry,169.619,-0.493567,-0.493567,-0.000123549,0,-4.39E-07,0.146807
1_1,Cyclic Voltammetry,169.719,-0.494567,-0.494567,-0.000124785,0,-4.42E-07,0.14733
1_1,Cyclic Voltammetry,169.818,-0.495548,-0.495548,-0.000126053,0,-4.46E-07,0.147818
1_1,Cyclic Voltammetry,169.918,-0.496551,-0.496551,-0.000127302,0,-4.49E-07,0.148301
1_1,Cyclic Voltammetry,170.018,-0.497552,-0.497552,-0.000128584,0,-4.53E-07,0.148861
1_1,Cyclic Voltammetry,170.117,-0.498541,-0.498541,-0.000129885,0,-4.56E-07,0.149385
1_1,Cyclic Voltammetry,170.217,-0.499502,-0.499502,-0.000131263,0,-4.60E-07,0.149919
1_1,Cyclic Voltammetry,170.316,-0.500486,-0.500486,-0.000132685,0,-4.64E-07,0.150464
1_1,Cyclic Voltammetry,170.416,-0.501497,-0.501497,-0.000134086,0,-4.67E-07,0.151047
1_1,Cyclic Voltammetry,170.516,-0.502486,-0.502486,-0.00013552,0,-4.71E-07,0.151638
1_1,Cyclic Voltammetry,170.615,-0.503542,-0.503542,-0.000136989,0,-4.75E-07,0.152181
1_1,Cyclic Voltammetry,170.715,-0.504526,-0.504526,-0.000138461,0,-4.79E-07,0.152793
1_1,Cyclic Voltammetry,170.814,-0.505527,-0.505527,-0.000139954,0,-4.82E-07,0.153387
1_1,Cyclic Voltammetry,170.914,-0.506524,-0.506524,-0.000141482,0,-4.86E-07,0.153981
1_1,Cyclic Voltammetry,171.014,-0.507544,-0.507544,-0.000142994,0,-4.90E-07,0.154579
1_1,Cyclic Voltammetry,171.113,-0.508525,-0.508525,-0.000144603,0,-4.94E-07,0.155221
1_1,Cyclic Voltammetry,171.213,-0.509467,-0.509467,-0.000145883,0,-4.98E-07,0.155833
1_1,Cyclic Voltammetry,171.312,-0.510398,-0.510398,-0.000147435,0,-5.02E-07,0.156428
1_1,Cyclic Voltammetry,171.412,-0.511425,-0.511425,-0.000149188,0,-5.06E-07,0.157079
1_1,Cyclic Voltammetry,171.512,-0.512392,-0.512392,-0.000150801,0,-5.11E-07,0.157708
1_1,Cyclic Voltammetry,171.611,-0.513363,-0.513363,-0.000152379,0,-5.15E-07,0.158359
1_1,Cyclic Voltammetry,171.711,-0.514385,-0.514385,-0.000154066,0,-5.19E-07,0.158964
1_1,Cyclic Voltammetry,171.81,-0.515375,-0.515375,-0.00015569,0,-5.23E-07,0.159643
1_1,Cyclic Voltammetry,171.91,-0.516367,-0.516367,-0.000157301,0,-5.28E-07,0.160221
1_1,Cyclic Voltammetry,172.01,-0.517365,-0.517365,-0.000158984,0,-5.32E-07,0.160873
1_1,Cyclic Voltammetry,172.109,-0.518332,-0.518332,-0.000160623,0,-5.36E-07,0.16154
1_1,Cyclic Voltammetry,172.209,-0.519346,-0.519346,-0.000162324,0,-5.41E-07,0.162251
1_1,Cyclic Voltammetry,172.308,-0.520372,-0.520372,-0.000164024,0,-5.45E-07,0.162876
1_1,Cyclic Voltammetry,172.408,-0.521357,-0.521357,-0.00016565,0,-5.50E-07,0.163522
1_1,Cyclic Voltammetry,172.508,-0.522323,-0.522323,-0.000167291,0,-5.55E-07,0.164277
1_1,Cyclic Voltammetry,172.607,-0.523345,-0.523345,-0.000168874,0,-5.59E-07,0.164953
1_1,Cyclic Voltammetry,172.707,-0.524359,-0.524359,-0.000170519,0,-5.64E-07,0.165623
1_1,Cyclic Voltammetry,172.806,-0.525341,-0.525341,-0.000172167,0,-5.69E-07,0.166283
1_1,Cyclic Voltammetry,172.906,-0.526344,-0.526344,-0.000173895,0,-5.73E-07,0.166973
1_1,Cyclic Voltammetry,173.006,-0.527316,-0.527316,-0.000175496,0,-5.78E-07,0.167714
1_1,Cyclic Voltammetry,173.105,-0.528297,-0.528297,-0.000177089,0,-5.83E-07,0.168461
1_1,Cyclic Voltammetry,173.205,-0.529331,-0.529331,-0.000178746,0,-5.88E-07,0.169199
1_1,Cyclic Voltammetry,173.304,-0.530305,-0.530305,-0.000180398,0,-5.93E-07,0.169886
1_1,Cyclic Voltammetry,173.404,-0.531287,-0.531287,-0.000182104,0,-5.98E-07,0.170589
1_1,Cyclic Voltammetry,173.504,-0.532254,-0.532254,-0.000183663,0,-6.03E-07,0.171367
1_1,Cyclic Voltammetry,173.603,-0.533292,-0.533292,-0.000185367,0,-6.08E-07,0.172073
1_1,Cyclic Voltammetry,173.703,-0.534332,-0.534332,-0.000187088,0,-6.13E-07,0.172827
1_1,Cyclic Voltammetry,173.802,-0.535307,-0.535307,-0.000188699,0,-6.19E-07,0.173604
1_1,Cyclic Voltammetry,173.902,-0.536295,-0.536295,-0.000190314,0,-6.24E-07,0.174309
1_1,Cyclic Voltammetry,174.002,-0.537248,-0.537248,-0.000192066,0,-6.29E-07,0.175097
1_1,Cyclic Voltammetry,174.101,-0.53826,-0.53826,-0.000193833,0,-6.34E-07,0.175918
1_1,Cyclic Voltammetry,174.201,-0.539258,-0.539258,-0.000195614,0,-6.40E-07,0.176744
1_1,Cyclic Voltammetry,174.3,-0.540263,-0.540263,-0.000197346,0,-6.45E-07,0.177472
1_1,Cyclic Voltammetry,174.4,-0.54128,-0.54128,-0.000199088,0,-6.51E-07,0.178261
1_1,Cyclic Voltammetry,174.5,-0.542257,-0.542257,-0.000200856,0,-6.56E-07,0.179078
1_1,Cyclic Voltammetry,174.599,-0.543223,-0.543223,-0.000202663,0,-6.62E-07,0.17985
1_1,Cyclic Voltammetry,174.699,-0.54421,-0.54421,-0.000204507,0,-6.67E-07,0.18073
1_1,Cyclic Voltammetry,174.798,-0.545225,-0.545225,-0.000206362,0,-6.73E-07,0.181581
1_1,Cyclic Voltammetry,174.898,-0.546185,-0.546185,-0.000208257,0,-6.79E-07,0.182401
1_1,Cyclic Voltammetry,174.998,-0.54717,-0.54717,-0.000210213,0,-6.85E-07,0.183268
1_1,Cyclic Voltammetry,175.097,-0.548169,-0.548169,-0.000212183,0,-6.91E-07,0.184112
1_1,Cyclic Voltammetry,175.197,-0.549194,-0.549194,-0.000214162,0,-6.96E-07,0.184954
1_1,Cyclic Voltammetry,175.296,-0.55022,-0.55022,-0.000216114,0,-7.02E-07,0.185855
1_1,Cyclic Voltammetry,175.396,-0.551209,-0.551209,-0.000218107,0,-7.08E-07,0.18671
1_1,Cyclic Voltammetry,175.496,-0.552161,-0.552161,-0.000220129,0,-7.14E-07,0.187532
1_1,Cyclic Voltammetry,175.595,-0.553136,-0.553136,-0.000222185,0,-7.21E-07,0.188446
1_1,Cyclic Voltammetry,175.695,-0.554116,-0.554116,-0.000224278,0,-7.27E-07,0.189381
1_1,Cyclic Voltammetry,175.794,-0.555108,-0.555108,-0.000226339,0,-7.33E-07,0.190259
1_1,Cyclic Voltammetry,175.894,-0.55614,-0.55614,-0.000228427,0,-7.39E-07,0.19121
1_1,Cyclic Voltammetry,175.994,-0.557135,-0.557135,-0.000230545,0,-7.46E-07,0.192161
1_1,Cyclic Voltammetry,176.093,-0.558112,-0.558112,-0.000232722,0,-7.52E-07,0.193045
1_1,Cyclic Voltammetry,176.193,-0.559128,-0.559128,-0.000234837,0,-7.58E-07,0.193997
1_1,Cyclic Voltammetry,176.292,-0.560146,-0.560146,-0.000236985,0,-7.65E-07,0.194918
1_1,Cyclic Voltammetry,176.392,-0.561109,-0.561109,-0.000239038,0,-7.72E-07,0.195854
1_1,Cyclic Voltammetry,176.492,-0.562101,-0.562101,-0.000241186,0,-7.78E-07,0.196804
1_1,Cyclic Voltammetry,176.591,-0.563076,-0.563076,-0.000243326,0,-7.85E-07,0.197772
1_1,Cyclic Voltammetry,176.691,-0.564045,-0.564045,-0.00024555,0,-7.92E-07,0.198704
1_1,Cyclic Voltammetry,176.79,-0.565076,-0.565076,-0.000247717,0,-7.99E-07,0.1997
1_1,Cyclic Voltammetry,176.89,-0.566083,-0.566083,-0.000249821,0,-8.05E-07,0.200717
1_1,Cyclic Voltammetry,176.99,-0.567084,-0.567084,-0.000251951,0,-8.12E-07,0.201673
1_1,Cyclic Voltammetry,177.089,-0.56809,-0.56809,-0.000254142,0,-8.19E-07,0.202636
1_1,Cyclic Voltammetry,177.189,-0.569048,-0.569048,-0.000256206,0,-8.26E-07,0.203631
1_1,Cyclic Voltammetry,177.288,-0.570039,-0.570039,-0.000258344,0,-8.34E-07,0.2046
1_1,Cyclic Voltammetry,177.388,-0.571049,-0.571049,-0.000260487,0,-8.41E-07,0.205589
1_1,Cyclic Voltammetry,177.488,-0.57208,-0.57208,-0.000262648,0,-8.48E-07,0.20661
1_1,Cyclic Voltammetry,177.587,-0.573069,-0.573069,-0.000264772,0,-8.55E-07,0.207638
1_1,Cyclic Voltammetry,177.687,-0.574036,-0.574036,-0.000266923,0,-8.63E-07,0.208671
1_1,Cyclic Voltammetry,177.786,-0.575004,-0.575004,-0.000269054,0,-8.70E-07,0.209672
1_1,Cyclic Voltammetry,177.886,-0.576172,-0.576172,-0.000271981,0,-8.77E-07,0.21096
1_1,Cyclic Voltammetry,177.986,-0.577042,-0.577042,-0.000273475,0,-8.85E-07,0.211802
1_1,Cyclic Voltammetry,178.085,-0.578045,-0.578045,-0.000275832,0,-8.93E-07,0.212816
1_1,Cyclic Voltammetry,178.185,-0.579051,-0.579051,-0.000278168,0,-9.00E-07,0.213876
1_1,Cyclic Voltammetry,178.284,-0.580003,-0.580003,-0.000280193,0,-9.08E-07,0.214888
1_1,Cyclic Voltammetry,178.384,-0.580977,-0.580977,-0.00028218,0,-9.16E-07,0.216064
1_1,Cyclic Voltammetry,178.484,-0.581966,-0.581966,-0.000284426,0,-9.24E-07,0.217114
1_1,Cyclic Voltammetry,178.583,-0.582954,-0.582954,-0.000286578,0,-9.32E-07,0.218175
1_1,Cyclic Voltammetry,178.683,-0.583933,-0.583933,-0.000288751,0,-9.40E-07,0.219277
1_1,Cyclic Voltammetry,178.782,-0.58497,-0.58497,-0.000291138,0,-9.48E-07,0.22034
1_1,Cyclic Voltammetry,178.882,-0.58599,-0.58599,-0.000293362,0,-9.56E-07,0.221384
1_1,Cyclic Voltammetry,178.982,-0.586972,-0.586972,-0.000295462,0,-9.64E-07,0.222525
1_1,Cyclic Voltammetry,179.081,-0.587951,-0.587951,-0.000297905,0,-9.72E-07,0.223588
1_1,Cyclic Voltammetry,179.181,-0.588919,-0.588919,-0.000300088,0,-9.80E-07,0.22471
1_1,Cyclic Voltammetry,179.28,-0.589913,-0.589913,-0.000302436,0,-9.89E-07,0.22591
1_1,Cyclic Voltammetry,179.38,-0.590879,-0.590879,-0.000304875,0,-9.97E-07,0.227009
1_1,Cyclic Voltammetry,179.48,-0.591863,-0.591863,-0.000307368,0,-1.01E-06,0.228141
1_1,Cyclic Voltammetry,179.579,-0.592827,-0.592827,-0.000309312,0,-1.01E-06,0.229307
1_1,Cyclic Voltammetry,179.679,-0.593897,-0.593897,-0.000312063,0,-1.02E-06,0.23047
1_1,Cyclic Voltammetry,179.778,-0.594903,-0.594903,-0.000314485,0,-1.03E-06,0.231671
1_1,Cyclic Voltammetry,179.878,-0.595905,-0.595905,-0.000316921,0,-1.04E-06,0.232828
1_1,Cyclic Voltammetry,179.978,-0.596908,-0.596908,-0.00031932,0,-1.05E-06,0.234026
1_1,Cyclic Voltammetry,180.077,-0.597874,-0.597874,-0.000321786,0,-1.06E-06,0.235202
1_1,Cyclic Voltammetry,180.177,-0.598865,-0.598865,-0.000324365,0,-1.07E-06,0.236385
1_1,Cyclic Voltammetry,180.276,-0.599866,-0.599866,-0.000326751,0,-1.08E-06,0.237622
1_1,Cyclic Voltammetry,180.376,-0.600863,-0.600863,-0.000329494,0,-1.08E-06,0.238796
1_1,Cyclic Voltammetry,180.476,-0.601879,-0.601879,-0.000331871,0,-1.09E-06,0.240035
1_1,Cyclic Voltammetry,180.575,-0.602832,-0.602832,-0.000334436,0,-1.10E-06,0.241204
1_1,Cyclic Voltammetry,180.675,-0.603836,-0.603836,-0.000336829,0,-1.11E-06,0.242424
1_1,Cyclic Voltammetry,180.774,-0.604852,-0.604852,-0.000339351,0,-1.12E-06,0.243687
1_1,Cyclic Voltammetry,180.874,-0.605845,-0.605845,-0.000341948,0,-1.13E-06,0.244812
1_1,Cyclic Voltammetry,180.974,-0.606852,-0.606852,-0.000344377,0,-1.14E-06,0.24605
1_1,Cyclic Voltammetry,181.073,-0.607802,-0.607802,-0.000346587,0,-1.15E-06,0.24733
1_1,Cyclic Voltammetry,181.173,-0.608768,-0.608768,-0.000349073,0,-1.16E-06,0.248576
1_1,Cyclic Voltammetry,181.272,-0.609765,-0.609765,-0.00035183,0,-1.17E-06,0.249866
1_1,Cyclic Voltammetry,181.372,-0.610785,-0.610785,-0.000354269,0,-1.18E-06,0.251108
1_1,Cyclic Voltammetry,181.472,-0.611784,-0.611784,-0.000356742,0,-1.19E-06,0.252364
1_1,Cyclic Voltammetry,181.571,-0.612788,-0.612788,-0.000359125,0,-1.20E-06,0.253561
1_1,Cyclic Voltammetry,181.671,-0.613809,-0.613809,-0.000361595,0,-1.21E-06,0.25482
1_1,Cyclic Voltammetry,181.77,-0.61478,-0.61478,-0.000363993,0,-1.22E-06,0.256078
1_1,Cyclic Voltammetry,181.87,-0.615761,-0.615761,-0.000366377,0,-1.23E-06,0.25731
1_1,Cyclic Voltammetry,181.97,-0.616751,-0.616751,-0.000368659,0,-1.24E-06,0.258548
1_1,Cyclic Voltammetry,182.069,-0.617729,-0.617729,-0.000371101,0,-1.25E-06,0.259829
1_1,Cyclic Voltammetry,182.169,-0.61874,-0.61874,-0.000373499,0,-1.26E-06,0.261061
1_1,Cyclic Voltammetry,182.268,-0.619692,-0.619692,-0.000376004,0,-1.27E-06,0.262381
1_1,Cyclic Voltammetry,182.368,-0.620724,-0.620724,-0.00037818,0,-1.28E-06,0.263657
1_1,Cyclic Voltammetry,182.468,-0.62175,-0.62175,-0.000380527,0,-1.29E-06,0.26494
1_1,Cyclic Voltammetry,182.567,-0.62278,-0.62278,-0.000382792,0,-1.30E-06,0.266237
1_1,Cyclic Voltammetry,182.667,-0.623752,-0.623752,-0.000385076,0,-1.31E-06,0.267504
1_1,Cyclic Voltammetry,182.766,-0.624719,-0.624719,-0.000387361,0,-1.32E-06,0.268842
1_1,Cyclic Voltammetry,182.866,-0.62573,-0.62573,-0.000389632,0,-1.33E-06,0.270134
1_1,Cyclic Voltammetry,182.966,-0.626724,-0.626724,-0.000391962,0,-1.34E-06,0.271472
1_1,Cyclic Voltammetry,183.065,-0.62773,-0.62773,-0.000394296,0,-1.36E-06,0.272715
1_1,Cyclic Voltammetry,183.165,-0.628695,-0.628695,-0.000396387,0,-1.37E-06,0.27404
1_1,Cyclic Voltammetry,183.264,-0.629703,-0.629703,-0.000398808,0,-1.38E-06,0.275343
1_1,Cyclic Voltammetry,183.364,-0.630724,-0.630724,-0.000401189,0,-1.39E-06,0.276644
1_1,Cyclic Voltammetry,183.464,-0.631742,-0.631742,-0.00040342,0,-1.40E-06,0.27799
1_1,Cyclic Voltammetry,183.563,-0.632751,-0.632751,-0.000405757,0,-1.41E-06,0.279305
1_1,Cyclic Voltammetry,183.663,-0.633703,-0.633703,-0.000408122,0,-1.42E-06,0.280629
1_1,Cyclic Voltammetry,183.762,-0.634664,-0.634664,-0.000410446,0,-1.43E-06,0.281996
1_1,Cyclic Voltammetry,183.862,-0.635622,-0.635622,-0.000412845,0,-1.44E-06,0.28331
1_1,Cyclic Voltammetry,183.962,-0.636675,-0.636675,-0.000415549,0,-1.46E-06,0.284677
1_1,Cyclic Voltammetry,184.061,-0.637626,-0.637626,-0.000417457,0,-1.47E-06,0.286007
1_1,Cyclic Voltammetry,184.161,-0.638651,-0.638651,-0.000420032,0,-1.48E-06,0.2874
1_1,Cyclic Voltammetry,184.26,-0.639659,-0.639659,-0.000422337,0,-1.49E-06,0.288742
1_1,Cyclic Voltammetry,184.36,-0.640656,-0.640656,-0.000424781,0,-1.50E-06,0.290124
1_1,Cyclic Voltammetry,184.46,-0.641671,-0.641671,-0.000427632,0,-1.51E-06,0.291446
1_1,Cyclic Voltammetry,184.559,-0.642647,-0.642647,-0.000429644,0,-1.53E-06,0.292821
1_1,Cyclic Voltammetry,184.659,-0.643602,-0.643602,-0.000431847,0,-1.54E-06,0.29417
1_1,Cyclic Voltammetry,184.758,-0.64456,-0.64456,-0.0004343,0,-1.55E-06,0.295561
1_1,Cyclic Voltammetry,184.858,-0.645542,-0.645542,-0.000436758,0,-1.56E-06,0.296924
1_1,Cyclic Voltammetry,184.958,-0.646567,-0.646567,-0.000439527,0,-1.57E-06,0.298254
1_1,Cyclic Voltammetry,185.057,-0.647566,-0.647566,-0.000441481,0,-1.59E-06,0.299626
1_1,Cyclic Voltammetry,185.157,-0.648588,-0.648588,-0.00044375,0,-1.60E-06,0.301014
1_1,Cyclic Voltammetry,185.256,-0.649597,-0.649597,-0.000446229,0,-1.61E-06,0.302326
1_1,Cyclic Voltammetry,185.356,-0.650547,-0.650547,-0.000448599,0,-1.62E-06,0.303718
1_1,Cyclic Voltammetry,185.456,-0.65151,-0.65151,-0.000450762,0,-1.64E-06,0.305071
1_1,Cyclic Voltammetry,185.555,-0.652489,-0.652489,-0.000452878,0,-1.65E-06,0.306466
1_1,Cyclic Voltammetry,185.655,-0.653539,-0.653539,-0.000455276,0,-1.66E-06,0.307838
1_1,Cyclic Voltammetry,185.754,-0.654532,-0.654532,-0.00045748,0,-1.67E-06,0.309158
1_1,Cyclic Voltammetry,185.854,-0.655524,-0.655524,-0.000459667,0,-1.69E-06,0.310559
1_1,Cyclic Voltammetry,185.954,-0.656508,-0.656508,-0.000461891,0,-1.70E-06,0.311903
1_1,Cyclic Voltammetry,186.053,-0.657502,-0.657502,-0.00046402,0,-1.71E-06,0.313299
1_1,Cyclic Voltammetry,186.153,-0.65854,-0.65854,-0.000466127,0,-1.72E-06,0.314625
1_1,Cyclic Voltammetry,186.252,-0.659515,-0.659515,-0.000468217,0,-1.74E-06,0.31597
1_1,Cyclic Voltammetry,186.352,-0.66049,-0.66049,-0.000470297,0,-1.75E-06,0.317357
1_1,Cyclic Voltammetry,186.452,-0.661451,-0.661451,-0.000472342,0,-1.76E-06,0.318722
1_1,Cyclic Voltammetry,186.551,-0.662459,-0.662459,-0.000474419,0,-1.78E-06,0.3201
1_1,Cyclic Voltammetry,186.651,-0.663491,-0.663491,-0.000476403,0,-1.79E-06,0.321497
1_1,Cyclic Voltammetry,186.75,-0.664511,-0.664511,-0.000478214,0,-1.80E-06,0.322881
1_1,Cyclic Voltammetry,186.85,-0.66547,-0.66547,-0.000480227,0,-1.82E-06,0.324221
1_1,Cyclic Voltammetry,186.95,-0.666466,-0.666466,-0.000482271,0,-1.83E-06,0.325564
1_1,Cyclic Voltammetry,187.049,-0.667466,-0.667466,-0.000484293,0,-1.84E-06,0.326902
1_1,Cyclic Voltammetry,187.149,-0.668444,-0.668444,-0.00048607,0,-1.86E-06,0.328201
1_1,Cyclic Voltammetry,187.248,-0.669442,-0.669442,-0.000487837,0,-1.87E-06,0.329567
1_1,Cyclic Voltammetry,187.348,-0.670438,-0.670438,-0.00048996,0,-1.88E-06,0.330876
1_1,Cyclic Voltammetry,187.448,-0.671422,-0.671422,-0.000491799,0,-1.90E-06,0.332264
1_1,Cyclic Voltammetry,187.547,-0.672409,-0.672409,-0.000493912,0,-1.91E-06,0.333625
1_1,Cyclic Voltammetry,187.647,-0.673423,-0.673423,-0.000495602,0,-1.92E-06,0.334981
1_1,Cyclic Voltammetry,187.746,-0.674405,-0.674405,-0.000497592,0,-1.94E-06,0.336307
1_1,Cyclic Voltammetry,187.846,-0.675413,-0.675413,-0.000499416,0,-1.95E-06,0.337652
1_1,Cyclic Voltammetry,187.946,-0.676419,-0.676419,-0.00050127,0,-1.97E-06,0.338994
1_1,Cyclic Voltammetry,188.045,-0.677391,-0.677391,-0.000503166,0,-1.98E-06,0.340346
1_1,Cyclic Voltammetry,188.145,-0.678388,-0.678388,-0.000505153,0,-1.99E-06,0.341705
1_1,Cyclic Voltammetry,188.244,-0.679297,-0.679297,-0.000506566,0,-2.01E-06,0.343041
1_1,Cyclic Voltammetry,188.344,-0.680275,-0.680275,-0.00050866,0,-2.02E-06,0.344389
1_1,Cyclic Voltammetry,188.444,-0.681291,-0.681291,-0.000510619,0,-2.04E-06,0.345714
1_1,Cyclic Voltammetry,188.543,-0.682254,-0.682254,-0.000512541,0,-2.05E-06,0.347054
1_1,Cyclic Voltammetry,188.643,-0.683258,-0.683258,-0.000514582,0,-2.06E-06,0.348396
1_1,Cyclic Voltammetry,188.742,-0.684257,-0.684257,-0.000516357,0,-2.08E-06,0.349747
1_1,Cyclic Voltammetry,188.842,-0.685295,-0.685295,-0.000518712,0,-2.09E-06,0.35107
1_1,Cyclic Voltammetry,188.942,-0.686277,-0.686277,-0.000520427,0,-2.11E-06,0.352413
1_1,Cyclic Voltammetry,189.041,-0.687251,-0.687251,-0.000522323,0,-2.12E-06,0.353791
1_1,Cyclic Voltammetry,189.141,-0.688277,-0.688277,-0.000524578,0,-2.14E-06,0.355053
1_1,Cyclic Voltammetry,189.24,-0.689255,-0.689255,-0.000526142,0,-2.15E-06,0.356423
1_1,Cyclic Voltammetry,189.34,-0.690279,-0.690279,-0.00052801,0,-2.17E-06,0.357818
1_1,Cyclic Voltammetry,189.44,-0.691289,-0.691289,-0.00052997,0,-2.18E-06,0.35911
1_1,Cyclic Voltammetry,189.539,-0.692267,-0.692267,-0.000531703,0,-2.19E-06,0.360465
1_1,Cyclic Voltammetry,189.639,-0.693263,-0.693263,-0.000533061,0,-2.21E-06,0.361806
1_1,Cyclic Voltammetry,189.738,-0.694244,-0.694244,-0.000535537,0,-2.22E-06,0.363078
1_1,Cyclic Voltammetry,189.838,-0.695213,-0.695213,-0.000537216,0,-2.24E-06,0.364404
1_1,Cyclic Voltammetry,189.938,-0.696199,-0.696199,-0.000539018,0,-2.25E-06,0.365719
1_1,Cyclic Voltammetry,190.037,-0.697192,-0.697192,-0.00054092,0,-2.27E-06,0.367013
1_1,Cyclic Voltammetry,190.137,-0.698149,-0.698149,-0.000542295,0,-2.28E-06,0.368271
1_1,Cyclic Voltammetry,190.236,-0.69917,-0.69917,-0.000544082,0,-2.30E-06,0.369626
1_1,Cyclic Voltammetry,190.336,-0.700166,-0.700166,-0.000545691,0,-2.31E-06,0.370913
1_1,Cyclic Voltammetry,190.436,-0.701163,-0.701163,-0.000547324,0,-2.33E-06,0.372192
1_1,Cyclic Voltammetry,190.535,-0.702187,-0.702187,-0.000548875,0,-2.34E-06,0.373511
1_1,Cyclic Voltammetry,190.635,-0.703136,-0.703136,-0.000550372,0,-2.36E-06,0.374721
1_1,Cyclic Voltammetry,190.734,-0.70415,-0.70415,-0.000552003,0,-2.37E-06,0.376
1_1,Cyclic Voltammetry,190.834,-0.70518,-0.70518,-0.000553592,0,-2.39E-06,0.377285
1_1,Cyclic Voltammetry,190.934,-0.706141,-0.706141,-0.00055483,0,-2.41E-06,0.378563
1_1,Cyclic Voltammetry,191.033,-0.707119,-0.707119,-0.00055647,0,-2.42E-06,0.379805
1_1,Cyclic Voltammetry,191.133,-0.708154,-0.708154,-0.000557905,0,-2.44E-06,0.381063
1_1,Cyclic Voltammetry,191.232,-0.709144,-0.709144,-0.000559353,0,-2.45E-06,0.382303
1_1,Cyclic Voltammetry,191.332,-0.710137,-0.710137,-0.000560814,0,-2.47E-06,0.383507
1_1,Cyclic Voltammetry,191.432,-0.711124,-0.711124,-0.000562135,0,-2.48E-06,0.38473
1_1,Cyclic Voltammetry,191.531,-0.712117,-0.712117,-0.000563555,0,-2.50E-06,0.38597
1_1,Cyclic Voltammetry,191.631,-0.713101,-0.713101,-0.000565014,0,-2.51E-06,0.387199
1_1,Cyclic Voltammetry,191.73,-0.714092,-0.714092,-0.000566389,0,-2.53E-06,0.388439
1_1,Cyclic Voltammetry,191.83,-0.715094,-0.715094,-0.00056782,0,-2.54E-06,0.38969
1_1,Cyclic Voltammetry,191.93,-0.716074,-0.716074,-0.000569122,0,-2.56E-06,0.390917
1_1,Cyclic Voltammetry,192.029,-0.717082,-0.717082,-0.000570552,0,-2.58E-06,0.392193
1_1,Cyclic Voltammetry,192.129,-0.718092,-0.718092,-0.000571761,0,-2.59E-06,0.393391
1_1,Cyclic Voltammetry,192.228,-0.719098,-0.719098,-0.000573267,0,-2.61E-06,0.394597
1_1,Cyclic Voltammetry,192.328,-0.720121,-0.720121,-0.000574765,0,-2.62E-06,0.395797
1_1,Cyclic Voltammetry,192.428,-0.721117,-0.721117,-0.000576077,0,-2.64E-06,0.397037
1_1,Cyclic Voltammetry,192.527,-0.722096,-0.722096,-0.000577653,0,-2.66E-06,0.39827
1_1,Cyclic Voltammetry,192.627,-0.723072,-0.723072,-0.000578999,0,-2.67E-06,0.399483
1_1,Cyclic Voltammetry,192.726,-0.724071,-0.724071,-0.000580457,0,-2.69E-06,0.400676
1_1,Cyclic Voltammetry,192.826,-0.725071,-0.725071,-0.000581938,0,-2.70E-06,0.40183
1_1,Cyclic Voltammetry,192.926,-0.726063,-0.726063,-0.000583348,0,-2.72E-06,0.403001
1_1,Cyclic Voltammetry,193.025,-0.72705,-0.72705,-0.000584731,0,-2.74E-06,0.404264
1_1,Cyclic Voltammetry,193.125,-0.72805,-0.72805,-0.000586073,0,-2.75E-06,0.405433
1_1,Cyclic Voltammetry,193.224,-0.729077,-0.729077,-0.000587712,0,-2.77E-06,0.406598
1_1,Cyclic Voltammetry,193.324,-0.730098,-0.730098,-0.000589202,0,-2.78E-06,0.407833
1_1,Cyclic Voltammetry,193.424,-0.731067,-0.731067,-0.000590546,0,-2.80E-06,0.408989
1_1,Cyclic Voltammetry,193.523,-0.732071,-0.732071,-0.000591768,0,-2.82E-06,0.410242
1_1,Cyclic Voltammetry,193.623,-0.733038,-0.733038,-0.00059317,0,-2.83E-06,0.41139
1_1,Cyclic Voltammetry,193.722,-0.734046,-0.734046,-0.000594643,0,-2.85E-06,0.412579
1_1,Cyclic Voltammetry,193.822,-0.735057,-0.735057,-0.000595884,0,-2.87E-06,0.413737
1_1,Cyclic Voltammetry,193.922,-0.736064,-0.736064,-0.000597119,0,-2.88E-06,0.414805
1_1,Cyclic Voltammetry,194.021,-0.737044,-0.737044,-0.000598504,0,-2.90E-06,0.415969
1_1,Cyclic Voltammetry,194.121,-0.738026,-0.738026,-0.00059976,0,-2.92E-06,0.417122
1_1,Cyclic Voltammetry,194.22,-0.739051,-0.739051,-0.000601056,0,-2.93E-06,0.418268
1_1,Cyclic Voltammetry,194.32,-0.740065,-0.740065,-0.000602132,0,-2.95E-06,0.419427
1_1,Cyclic Voltammetry,194.42,-0.741047,-0.741047,-0.000602931,0,-2.97E-06,0.420539
1_1,Cyclic Voltammetry,194.519,-0.742048,-0.742048,-0.000604347,0,-2.98E-06,0.421676
1_1,Cyclic Voltammetry,194.619,-0.743023,-0.743023,-0.000605523,0,-3.00E-06,0.422774
1_1,Cyclic Voltammetry,194.718,-0.743988,-0.743988,-0.000606545,0,-3.02E-06,0.423877
1_1,Cyclic Voltammetry,194.818,-0.74501,-0.74501,-0.000607636,0,-3.03E-06,0.424949
1_1,Cyclic Voltammetry,194.918,-0.746034,-0.746034,-0.00060885,0,-3.05E-06,0.425977
1_1,Cyclic Voltammetry,195.017,-0.747041,-0.747041,-0.000609737,0,-3.07E-06,0.427081
1_1,Cyclic Voltammetry,195.117,-0.748018,-0.748018,-0.000610588,0,-3.08E-06,0.428191
1_1,Cyclic Voltammetry,195.216,-0.748962,-0.748962,-0.000611521,0,-3.10E-06,0.429268
1_1,Cyclic Voltammetry,195.316,-0.749961,-0.749961,-0.000612592,0,-3.12E-06,0.430334
1_1,Cyclic Voltammetry,195.416,-0.750967,-0.750967,-0.00061343,0,-3.13E-06,0.431398
1_1,Cyclic Voltammetry,195.515,-0.751968,-0.751968,-0.000614293,0,-3.15E-06,0.432437
1_1,Cyclic Voltammetry,195.615,-0.752964,-0.752964,-0.000615253,0,-3.17E-06,0.433526
1_1,Cyclic Voltammetry,195.714,-0.753971,-0.753971,-0.000616236,0,-3.19E-06,0.434611
1_1,Cyclic Voltammetry,195.814,-0.754996,-0.754996,-0.000617269,0,-3.20E-06,0.435641
1_1,Cyclic Voltammetry,195.914,-0.75601,-0.75601,-0.000618067,0,-3.22E-06,0.436638
1_1,Cyclic Voltammetry,196.013,-0.757024,-0.757024,-0.000618926,0,-3.24E-06,0.437643
1_1,Cyclic Voltammetry,196.113,-0.757956,-0.757956,-0.000619851,0,-3.25E-06,0.43871
1_1,Cyclic Voltammetry,196.212,-0.758949,-0.758949,-0.000620983,0,-3.27E-06,0.439782
1_1,Cyclic Voltammetry,196.312,-0.759901,-0.759901,-0.000621561,0,-3.29E-06,0.440843
1_1,Cyclic Voltammetry,196.412,-0.760928,-0.760928,-0.000622623,0,-3.31E-06,0.441793
1_1,Cyclic Voltammetry,196.511,-0.761935,-0.761935,-0.000623519,0,-3.32E-06,0.442805
1_1,Cyclic Voltammetry,196.611,-0.762947,-0.762947,-0.000624275,0,-3.34E-06,0.443808
1_1,Cyclic Voltammetry,196.71,-0.763936,-0.763936,-0.000625539,0,-3.36E-06,0.444808
1_1,Cyclic Voltammetry,196.81,-0.764934,-0.764934,-0.00062657,0,-3.37E-06,0.445872
1_1,Cyclic Voltammetry,196.91,-0.765905,-0.765905,-0.000627411,0,-3.39E-06,0.446818
1_1,Cyclic Voltammetry,197.009,-0.766936,-0.766936,-0.000628349,0,-3.41E-06,0.447806
1_1,Cyclic Voltammetry,197.109,-0.767922,-0.767922,-0.000629259,0,-3.43E-06,0.448829
1_1,Cyclic Voltammetry,197.208,-0.768912,-0.768912,-0.000630346,0,-3.44E-06,0.449831
1_1,Cyclic Voltammetry,197.308,-0.76991,-0.76991,-0.000631458,0,-3.46E-06,0.450821
1_1,Cyclic Voltammetry,197.408,-0.770888,-0.770888,-0.000632082,0,-3.48E-06,0.45184
1_1,Cyclic Voltammetry,197.507,-0.771919,-0.771919,-0.000633234,0,-3.50E-06,0.452791
1_1,Cyclic Voltammetry,197.607,-0.772964,-0.772964,-0.000634096,0,-3.51E-06,0.453746
1_1,Cyclic Voltammetry,197.706,-0.773949,-0.773949,-0.000635089,0,-3.53E-06,0.454683
1_1,Cyclic Voltammetry,197.806,-0.774929,-0.774929,-0.000635971,0,-3.55E-06,0.45562
1_1,Cyclic Voltammetry,197.906,-0.775918,-0.775918,-0.000636809,0,-3.57E-06,0.456593
1_1,Cyclic Voltammetry,198.005,-0.776934,-0.776934,-0.00063757,0,-3.58E-06,0.457589
1_1,Cyclic Voltammetry,198.105,-0.777935,-0.777935,-0.000638514,0,-3.60E-06,0.458458
1_1,Cyclic Voltammetry,198.204,-0.778954,-0.778954,-0.000639415,0,-3.62E-06,0.459372
1_1,Cyclic Voltammetry,198.304,-0.77991,-0.77991,-0.000639982,0,-3.64E-06,0.460371
1_1,Cyclic Voltammetry,198.404,-0.780906,-0.780906,-0.000640822,0,-3.66E-06,0.461249
1_1,Cyclic Voltammetry,198.503,-0.781943,-0.781943,-0.000641623,0,-3.67E-06,0.462114
1_1,Cyclic Voltammetry,198.603,-0.782963,-0.782963,-0.000642301,0,-3.69E-06,0.462987
1_1,Cyclic Voltammetry,198.702,-0.783932,-0.783932,-0.000642864,0,-3.71E-06,0.463882
1_1,Cyclic Voltammetry,198.802,-0.784911,-0.784911,-0.000643446,0,-3.73E-06,0.4648
1_1,Cyclic Voltammetry,198.902,-0.785868,-0.785868,-0.000644035,0,-3.74E-06,0.46568
1_1,Cyclic Voltammetry,199.001,-0.786859,-0.786859,-0.000644489,0,-3.76E-06,0.466504
1_1,Cyclic Voltammetry,199.101,-0.787871,-0.787871,-0.000645192,0,-3.78E-06,0.467361
1_1,Cyclic Voltammetry,199.2,-0.788909,-0.788909,-0.000645939,0,-3.80E-06,0.46824
1_1,Cyclic Voltammetry,199.3,-0.789896,-0.789896,-0.000646306,0,-3.82E-06,0.469072
1_1,Cyclic Voltammetry,199.4,-0.790896,-0.790896,-0.000646763,0,-3.83E-06,0.469937
1_1,Cyclic Voltammetry,199.499,-0.791866,-0.791866,-0.000647233,0,-3.85E-06,0.470774
1_1,Cyclic Voltammetry,199.599,-0.792875,-0.792875,-0.000647696,0,-3.87E-06,0.471544
1_1,Cyclic Voltammetry,199.698,-0.79387,-0.79387,-0.000648285,0,-3.89E-06,0.472376
1_1,Cyclic Voltammetry,199.798,-0.79483,-0.79483,-0.000648791,0,-3.91E-06,0.473268
1_1,Cyclic Voltammetry,199.898,-0.795821,-0.795821,-0.000649303,0,-3.92E-06,0.474062
1_1,Cyclic Voltammetry,199.997,-0.796812,-0.796812,-0.000649726,0,-3.94E-06,0.474902
1_1,Cyclic Voltammetry,200.097,-0.797827,-0.797827,-0.000650283,0,-3.96E-06,0.475706
1_1,Cyclic Voltammetry,200.196,-0.798856,-0.798856,-0.00065083,0,-3.98E-06,0.476451
1_2,Cyclic Voltammetry,200.296,-0.799464,-0.799464,-0.00064709,0,-4.00E-06,0.477177
1_2,Cyclic Voltammetry,200.396,-0.798646,-0.798646,-0.000634788,0,-4.01E-06,0.477716
1_2,Cyclic Voltammetry,200.496,-0.797614,-0.797614,-0.000626296,0,-4.03E-06,0.478285
1_2,Cyclic Voltammetry,200.595,-0.796593,-0.796593,-0.000619061,0,-4.05E-06,0.478836
1_2,Cyclic Voltammetry,200.695,-0.795617,-0.795617,-0.000612849,0,-4.06E-06,0.479357
1_2,Cyclic Voltammetry,200.794,-0.794646,-0.794646,-0.000606759,0,-4.08E-06,0.479789
1_2,Cyclic Voltammetry,200.894,-0.793684,-0.793684,-0.000601281,0,-4.10E-06,0.480248
1_2,Cyclic Voltammetry,200.994,-0.792699,-0.792699,-0.000595945,0,-4.11E-06,0.48069
1_2,Cyclic Voltammetry,201.093,-0.791698,-0.791698,-0.000590672,0,-4.13E-06,0.481155
1_2,Cyclic Voltammetry,201.193,-0.790677,-0.790677,-0.00058576,0,-4.15E-06,0.481582
1_2,Cyclic Voltammetry,201.292,-0.789714,-0.789714,-0.000581005,0,-4.16E-06,0.481972
1_2,Cyclic Voltammetry,201.392,-0.788717,-0.788717,-0.000576492,0,-4.18E-06,0.482367
1_2,Cyclic Voltammetry,201.492,-0.787707,-0.787707,-0.000572127,0,-4.20E-06,0.482754
1_2,Cyclic Voltammetry,201.591,-0.7867,-0.7867,-0.000567856,0,-4.21E-06,0.483169
1_2,Cyclic Voltammetry,201.691,-0.785712,-0.785712,-0.000563601,0,-4.23E-06,0.483505
1_2,Cyclic Voltammetry,201.79,-0.784759,-0.784759,-0.000559456,0,-4.24E-06,0.483846
1_2,Cyclic Voltammetry,201.89,-0.783815,-0.783815,-0.000555381,0,-4.26E-06,0.4842
1_2,Cyclic Voltammetry,201.99,-0.782785,-0.782785,-0.000551304,0,-4.27E-06,0.484529
1_2,Cyclic Voltammetry,202.089,-0.781738,-0.781738,-0.000547559,0,-4.29E-06,0.484842
1_2,Cyclic Voltammetry,202.189,-0.780729,-0.780729,-0.000543668,0,-4.30E-06,0.48518
1_2,Cyclic Voltammetry,202.288,-0.779748,-0.779748,-0.00054007,0,-4.32E-06,0.485438
1_2,Cyclic Voltammetry,202.388,-0.778764,-0.778764,-0.000536332,0,-4.33E-06,0.485715
1_2,Cyclic Voltammetry,202.488,-0.777786,-0.777786,-0.000532601,0,-4.35E-06,0.485977
1_2,Cyclic Voltammetry,202.587,-0.776762,-0.776762,-0.00052891,0,-4.36E-06,0.486258
1_2,Cyclic Voltammetry,202.687,-0.77576,-0.77576,-0.000525281,0,-4.38E-06,0.48655
1_2,Cyclic Voltammetry,202.786,-0.774773,-0.774773,-0.000521723,0,-4.39E-06,0.486798
1_2,Cyclic Voltammetry,202.886,-0.773802,-0.773802,-0.000518267,0,-4.41E-06,0.486999
1_2,Cyclic Voltammetry,202.986,-0.77279,-0.77279,-0.000514716,0,-4.42E-06,0.487212
1_2,Cyclic Voltammetry,203.085,-0.771798,-0.771798,-0.00051134,0,-4.43E-06,0.487464
1_2,Cyclic Voltammetry,203.185,-0.770757,-0.770757,-0.00050802,0,-4.45E-06,0.487711
1_2,Cyclic Voltammetry,203.284,-0.769728,-0.769728,-0.000504644,0,-4.46E-06,0.487927
1_2,Cyclic Voltammetry,203.384,-0.768746,-0.768746,-0.000501185,0,-4.48E-06,0.48811
1_2,Cyclic Voltammetry,203.484,-0.767775,-0.767775,-0.00049779,0,-4.49E-06,0.48824
1_2,Cyclic Voltammetry,203.583,-0.766767,-0.766767,-0.000494478,0,-4.50E-06,0.488368
1_2,Cyclic Voltammetry,203.683,-0.765745,-0.765745,-0.00049123,0,-4.52E-06,0.488579
1_2,Cyclic Voltammetry,203.782,-0.764769,-0.764769,-0.000488143,0,-4.53E-06,0.488773
1_2,Cyclic Voltammetry,203.882,-0.763748,-0.763748,-0.000484928,0,-4.55E-06,0.48893
1_2,Cyclic Voltammetry,203.982,-0.762807,-0.762807,-0.000481983,0,-4.56E-06,0.489097
1_2,Cyclic Voltammetry,204.081,-0.761776,-0.761776,-0.000478842,0,-4.57E-06,0.489236
1_2,Cyclic Voltammetry,204.181,-0.760747,-0.760747,-0.000475675,0,-4.58E-06,0.489417
1_2,Cyclic Voltammetry,204.28,-0.75975,-0.75975,-0.000472828,0,-4.60E-06,0.4896
1_2,Cyclic Voltammetry,204.38,-0.758798,-0.758798,-0.000469888,0,-4.61E-06,0.48976
1_2,Cyclic Voltammetry,204.48,-0.757836,-0.757836,-0.00046706,0,-4.62E-06,0.489846
1_2,Cyclic Voltammetry,204.579,-0.756851,-0.756851,-0.00046415,0,-4.64E-06,0.489932
1_2,Cyclic Voltammetry,204.679,-0.755858,-0.755858,-0.00046136,0,-4.65E-06,0.490076
1_2,Cyclic Voltammetry,204.778,-0.754833,-0.754833,-0.000458693,0,-4.66E-06,0.490271
1_2,Cyclic Voltammetry,204.878,-0.753791,-0.753791,-0.000455823,0,-4.68E-06,0.490385
1_2,Cyclic Voltammetry,204.978,-0.752793,-0.752793,-0.000453335,0,-4.69E-06,0.490483
1_2,Cyclic Voltammetry,205.077,-0.751818,-0.751818,-0.000450932,0,-4.70E-06,0.490537
1_2,Cyclic Voltammetry,205.177,-0.750817,-0.750817,-0.000448097,0,-4.71E-06,0.49064
1_2,Cyclic Voltammetry,205.276,-0.749827,-0.749827,-0.000445575,0,-4.72E-06,0.490743
1_2,Cyclic Voltammetry,205.376,-0.748856,-0.748856,-0.000443168,0,-4.74E-06,0.49082
1_2,Cyclic Voltammetry,205.476,-0.747862,-0.747862,-0.000440583,0,-4.75E-06,0.490848
1_2,Cyclic Voltammetry,205.575,-0.746876,-0.746876,-0.000438088,0,-4.76E-06,0.490875
1_2,Cyclic Voltammetry,205.675,-0.745863,-0.745863,-0.000435687,0,-4.77E-06,0.490944
1_2,Cyclic Voltammetry,205.774,-0.74483,-0.74483,-0.000433179,0,-4.79E-06,0.49106
1_2,Cyclic Voltammetry,205.874,-0.743871,-0.743871,-0.000430846,0,-4.80E-06,0.491154
1_2,Cyclic Voltammetry,205.974,-0.742875,-0.742875,-0.000428497,0,-4.81E-06,0.491194
1_2,Cyclic Voltammetry,206.073,-0.7419,-0.7419,-0.000426009,0,-4.82E-06,0.491164
1_2,Cyclic Voltammetry,206.173,-0.740924,-0.740924,-0.000423593,0,-4.83E-06,0.491149
1_2,Cyclic Voltammetry,206.272,-0.739916,-0.739916,-0.000421108,0,-4.84E-06,0.491164
1_2,Cyclic Voltammetry,206.372,-0.738889,-0.738889,-0.000418757,0,-4.86E-06,0.491203
1_2,Cyclic Voltammetry,206.472,-0.737909,-0.737909,-0.000416324,0,-4.87E-06,0.491239
1_2,Cyclic Voltammetry,206.571,-0.736923,-0.736923,-0.000414085,0,-4.88E-06,0.49122
1_2,Cyclic Voltammetry,206.671,-0.735901,-0.735901,-0.000411555,0,-4.89E-06,0.491221
1_2,Cyclic Voltammetry,206.77,-0.734921,-0.734921,-0.00040899,0,-4.90E-06,0.491199
1_2,Cyclic Voltammetry,206.87,-0.733878,-0.733878,-0.000406512,0,-4.91E-06,0.491194
1_2,Cyclic Voltammetry,206.97,-0.732883,-0.732883,-0.000404166,0,-4.92E-06,0.49114
1_2,Cyclic Voltammetry,207.069,-0.731912,-0.731912,-0.000401826,0,-4.94E-06,0.491086
1_2,Cyclic Voltammetry,207.169,-0.730929,-0.730929,-0.000399467,0,-4.95E-06,0.49102
1_2,Cyclic Voltammetry,207.268,-0.729889,-0.729889,-0.000396768,0,-4.96E-06,0.490936
1_2,Cyclic Voltammetry,207.368,-0.7289,-0.7289,-0.000394509,0,-4.97E-06,0.490932
1_2,Cyclic Voltammetry,207.468,-0.727895,-0.727895,-0.000391863,0,-4.98E-06,0.490908
1_2,Cyclic Voltammetry,207.567,-0.726898,-0.726898,-0.000389557,0,-4.99E-06,0.490857
1_2,Cyclic Voltammetry,207.667,-0.725922,-0.725922,-0.00038734,0,-5.00E-06,0.490775
1_2,Cyclic Voltammetry,207.766,-0.724944,-0.724944,-0.000384993,0,-5.01E-06,0.490654
1_2,Cyclic Voltammetry,207.866,-0.723921,-0.723921,-0.000382583,0,-5.02E-06,0.490639
1_2,Cyclic Voltammetry,207.966,-0.722952,-0.722952,-0.000380285,0,-5.03E-06,0.490571
1_2,Cyclic Voltammetry,208.065,-0.721957,-0.721957,-0.000378032,0,-5.04E-06,0.490504
1_2,Cyclic Voltammetry,208.165,-0.720966,-0.720966,-0.000375737,0,-5.05E-06,0.49042
1_2,Cyclic Voltammetry,208.264,-0.719976,-0.719976,-0.000373446,0,-5.06E-06,0.490371
1_2,Cyclic Voltammetry,208.364,-0.718952,-0.718952,-0.000371355,0,-5.07E-06,0.490315
1_2,Cyclic Voltammetry,208.464,-0.717952,-0.717952,-0.000369198,0,-5.09E-06,0.490249
1_2,Cyclic Voltammetry,208.563,-0.716953,-0.716953,-0.000367037,0,-5.10E-06,0.490164
1_2,Cyclic Voltammetry,208.663,-0.715969,-0.715969,-0.000364951,0,-5.11E-06,0.490119
1_2,Cyclic Voltammetry,208.762,-0.714945,-0.714945,-0.000362851,0,-5.12E-06,0.489986
1_2,Cyclic Voltammetry,208.862,-0.713964,-0.713964,-0.000360925,0,-5.13E-06,0.489881
1_2,Cyclic Voltammetry,208.962,-0.712989,-0.712989,-0.000358738,0,-5.14E-06,0.489813
1_2,Cyclic Voltammetry,209.061,-0.711999,-0.711999,-0.000356926,0,-5.15E-06,0.489746
1_2,Cyclic Voltammetry,209.161,-0.711001,-0.711001,-0.000354895,0,-5.16E-06,0.489662
1_2,Cyclic Voltammetry,209.26,-0.710022,-0.710022,-0.00035293,0,-5.16E-06,0.489568
1_2,Cyclic Voltammetry,209.36,-0.709004,-0.709004,-0.000350995,0,-5.17E-06,0.4895
1_2,Cyclic Voltammetry,209.46,-0.707987,-0.707987,-0.000349152,0,-5.18E-06,0.489381
1_2,Cyclic Voltammetry,209.559,-0.707013,-0.707013,-0.000347215,0,-5.19E-06,0.489297
1_2,Cyclic Voltammetry,209.659,-0.706028,-0.706028,-0.000345348,0,-5.20E-06,0.489173
1_2,Cyclic Voltammetry,209.758,-0.70504,-0.70504,-0.000343455,0,-5.21E-06,0.48906
1_2,Cyclic Voltammetry,209.858,-0.704037,-0.704037,-0.000341605,0,-5.22E-06,0.488965
1_2,Cyclic Voltammetry,209.958,-0.703019,-0.703019,-0.000339677,0,-5.23E-06,0.488855
1_2,Cyclic Voltammetry,210.057,-0.70201,-0.70201,-0.000337846,0,-5.24E-06,0.488754
1_2,Cyclic Voltammetry,210.157,-0.701033,-0.701033,-0.0003359,0,-5.25E-06,0.488628
1_2,Cyclic Voltammetry,210.256,-0.700028,-0.700028,-0.000333939,0,-5.26E-06,0.488475
1_2,Cyclic Voltammetry,210.356,-0.699035,-0.699035,-0.000332129,0,-5.27E-06,0.488338
1_2,Cyclic Voltammetry,210.456,-0.698057,-0.698057,-0.000330155,0,-5.28E-06,0.488238
1_2,Cyclic Voltammetry,210.555,-0.697023,-0.697023,-0.000328153,0,-5.29E-06,0.48811
1_2,Cyclic Voltammetry,210.655,-0.696057,-0.696057,-0.000326529,0,-5.30E-06,0.487928
1_2,Cyclic Voltammetry,210.754,-0.695101,-0.695101,-0.000324163,0,-5.31E-06,0.487821
1_2,Cyclic Voltammetry,210.854,-0.694114,-0.694114,-0.00032235,0,-5.31E-06,0.487642
1_2,Cyclic Voltammetry,210.954,-0.693123,-0.693123,-0.000320299,0,-5.32E-06,0.487544
1_2,Cyclic Voltammetry,211.053,-0.692134,-0.692134,-0.000318382,0,-5.33E-06,0.4874
1_2,Cyclic Voltammetry,211.153,-0.691116,-0.691116,-0.00031647,0,-5.34E-06,0.487262
1_2,Cyclic Voltammetry,211.252,-0.690126,-0.690126,-0.000314504,0,-5.35E-06,0.487136
1_2,Cyclic Voltammetry,211.352,-0.689102,-0.689102,-0.000312454,0,-5.36E-06,0.486981
1_2,Cyclic Voltammetry,211.452,-0.688089,-0.688089,-0.000310456,0,-5.37E-06,0.486843
1_2,Cyclic Voltammetry,211.551,-0.687065,-0.687065,-0.00030843,0,-5.38E-06,0.486636
1_2,Cyclic Voltammetry,211.651,-0.686125,-0.686125,-0.000306672,0,-5.38E-06,0.486448
1_2,Cyclic Voltammetry,211.75,-0.685123,-0.685123,-0.00030481,0,-5.39E-06,0.48628
1_2,Cyclic Voltammetry,211.85,-0.6841,-0.6841,-0.000302799,0,-5.40E-06,0.48612
1_2,Cyclic Voltammetry,211.95,-0.683105,-0.683105,-0.000300857,0,-5.41E-06,0.486016
1_2,Cyclic Voltammetry,212.049,-0.682129,-0.682129,-0.00029902,0,-5.42E-06,0.485875
1_2,Cyclic Voltammetry,212.149,-0.681139,-0.681139,-0.000297116,0,-5.43E-06,0.485701
1_2,Cyclic Voltammetry,212.248,-0.680141,-0.680141,-0.000295208,0,-5.43E-06,0.485581
1_2,Cyclic Voltammetry,212.348,-0.679194,-0.679194,-0.000293682,0,-5.44E-06,0.485433
1_2,Cyclic Voltammetry,212.448,-0.678234,-0.678234,-0.0002921,0,-5.45E-06,0.485295
1_2,Cyclic Voltammetry,212.547,-0.677262,-0.677262,-0.000290234,0,-5.46E-06,0.485152
1_2,Cyclic Voltammetry,212.647,-0.676269,-0.676269,-0.000288524,0,-5.47E-06,0.485025
1_2,Cyclic Voltammetry,212.746,-0.675275,-0.675275,-0.000286593,0,-5.47E-06,0.484887
1_2,Cyclic Voltammetry,212.846,-0.674256,-0.674256,-0.000285077,0,-5.48E-06,0.484725
1_2,Cyclic Voltammetry,212.946,-0.673227,-0.673227,-0.000283381,0,-5.49E-06,0.484583
1_2,Cyclic Voltammetry,213.045,-0.672231,-0.672231,-0.00028179,0,-5.50E-06,0.484394
1_2,Cyclic Voltammetry,213.145,-0.67126,-0.67126,-0.000280149,0,-5.51E-06,0.484273
1_2,Cyclic Voltammetry,213.244,-0.670246,-0.670246,-0.000278611,0,-5.51E-06,0.484102
1_2,Cyclic Voltammetry,213.344,-0.669272,-0.669272,-0.000276911,0,-5.52E-06,0.483924
1_2,Cyclic Voltammetry,213.444,-0.668315,-0.668315,-0.000275483,0,-5.53E-06,0.483763
1_2,Cyclic Voltammetry,213.543,-0.667312,-0.667312,-0.000273951,0,-5.54E-06,0.4836
1_2,Cyclic Voltammetry,213.643,-0.666283,-0.666283,-0.000272337,0,-5.54E-06,0.4835
1_2,Cyclic Voltammetry,213.742,-0.665321,-0.665321,-0.000270839,0,-5.55E-06,0.483391
1_2,Cyclic Voltammetry,213.842,-0.66431,-0.66431,-0.000269174,0,-5.56E-06,0.483262
1_2,Cyclic Voltammetry,213.942,-0.663311,-0.663311,-0.000267615,0,-5.57E-06,0.483111
1_2,Cyclic Voltammetry,214.041,-0.662307,-0.662307,-0.000265913,0,-5.57E-06,0.482942
1_2,Cyclic Voltammetry,214.141,-0.661306,-0.661306,-0.000264468,0,-5.58E-06,0.482792
1_2,Cyclic Voltammetry,214.24,-0.660307,-0.660307,-0.000262962,0,-5.59E-06,0.482629
1_2,Cyclic Voltammetry,214.34,-0.659331,-0.659331,-0.000261427,0,-5.60E-06,0.482455
1_2,Cyclic Voltammetry,214.44,-0.658311,-0.658311,-0.000259704,0,-5.60E-06,0.482272
1_2,Cyclic Voltammetry,214.539,-0.657328,-0.657328,-0.000258176,0,-5.61E-06,0.48211
1_2,Cyclic Voltammetry,214.639,-0.656319,-0.656319,-0.000256426,0,-5.62E-06,0.481965
1_2,Cyclic Voltammetry,214.738,-0.655345,-0.655345,-0.000254902,0,-5.62E-06,0.481778
1_2,Cyclic Voltammetry,214.838,-0.654352,-0.654352,-0.00025316,0,-5.63E-06,0.481566
1_2,Cyclic Voltammetry,214.938,-0.653345,-0.653345,-0.00025149,0,-5.64E-06,0.481443
1_2,Cyclic Voltammetry,215.037,-0.652326,-0.652326,-0.000249837,0,-5.65E-06,0.481286
1_2,Cyclic Voltammetry,215.137,-0.651323,-0.651323,-0.000248197,0,-5.65E-06,0.481061
1_2,Cyclic Voltammetry,215.236,-0.650366,-0.650366,-0.000246365,0,-5.66E-06,0.480928
1_2,Cyclic Voltammetry,215.336,-0.649398,-0.649398,-0.000244905,0,-5.67E-06,0.48072
1_2,Cyclic Voltammetry,215.436,-0.648426,-0.648426,-0.000243148,0,-5.67E-06,0.480508
1_2,Cyclic Voltammetry,215.535,-0.647428,-0.647428,-0.000241455,0,-5.68E-06,0.480363
1_2,Cyclic Voltammetry,215.635,-0.646413,-0.646413,-0.000239936,0,-5.69E-06,0.480205
1_2,Cyclic Voltammetry,215.734,-0.645384,-0.645384,-0.000238088,0,-5.69E-06,0.480065
1_2,Cyclic Voltammetry,215.834,-0.644421,-0.644421,-0.000236487,0,-5.70E-06,0.479858
1_2,Cyclic Voltammetry,215.934,-0.643426,-0.643426,-0.000234877,0,-5.71E-06,0.479687
1_2,Cyclic Voltammetry,216.033,-0.642444,-0.642444,-0.000233358,0,-5.71E-06,0.479551
1_2,Cyclic Voltammetry,216.133,-0.641458,-0.641458,-0.000231587,0,-5.72E-06,0.479355
1_2,Cyclic Voltammetry,216.232,-0.640451,-0.640451,-0.000230058,0,-5.72E-06,0.479172
1_2,Cyclic Voltammetry,216.332,-0.639497,-0.639497,-0.000228437,0,-5.73E-06,0.478984
1_2,Cyclic Voltammetry,216.432,-0.63848,-0.63848,-0.000226901,0,-5.74E-06,0.478766
1_2,Cyclic Voltammetry,216.531,-0.637472,-0.637472,-0.00022542,0,-5.74E-06,0.478658
1_2,Cyclic Voltammetry,216.631,-0.63646,-0.63646,-0.000223934,0,-5.75E-06,0.478492
1_2,Cyclic Voltammetry,216.73,-0.635456,-0.635456,-0.00022246,0,-5.76E-06,0.478306
1_2,Cyclic Voltammetry,216.83,-0.634483,-0.634483,-0.000221079,0,-5.76E-06,0.478088
1_2,Cyclic Voltammetry,216.93,-0.633543,-0.633543,-0.000219636,0,-5.77E-06,0.477884
1_2,Cyclic Voltammetry,217.029,-0.632553,-0.632553,-0.000218208,0,-5.77E-06,0.477751
1_2,Cyclic Voltammetry,217.129,-0.631516,-0.631516,-0.000216729,0,-5.78E-06,0.477609
1_2,Cyclic Voltammetry,217.228,-0.63052,-0.63052,-0.000215439,0,-5.79E-06,0.477442
1_2,Cyclic Voltammetry,217.328,-0.629227,-0.629227,-0.00021325,0,-5.79E-06,0.477123
1_2,Cyclic Voltammetry,217.428,-0.628528,-0.628528,-0.000212467,0,-5.80E-06,0.477018
1_2,Cyclic Voltammetry,217.527,-0.627536,-0.627536,-0.000211151,0,-5.80E-06,0.47687
1_2,Cyclic Voltammetry,217.627,-0.626551,-0.626551,-0.000209759,0,-5.81E-06,0.476721
1_2,Cyclic Voltammetry,217.726,-0.625529,-0.625529,-0.000208433,0,-5.82E-06,0.476526
1_2,Cyclic Voltammetry,217.826,-0.624556,-0.624556,-0.000207067,0,-5.82E-06,0.4763
1_2,Cyclic Voltammetry,217.926,-0.623573,-0.623573,-0.000205665,0,-5.83E-06,0.476109
1_2,Cyclic Voltammetry,218.025,-0.622575,-0.622575,-0.00020428,0,-5.83E-06,0.475979
1_2,Cyclic Voltammetry,218.125,-0.621564,-0.621564,-0.000202939,0,-5.84E-06,0.475818
1_2,Cyclic Voltammetry,218.224,-0.620544,-0.620544,-0.000201562,0,-5.84E-06,0.475615
1_2,Cyclic Voltammetry,218.324,-0.619528,-0.619528,-0.000200126,0,-5.85E-06,0.475412
1_2,Cyclic Voltammetry,218.424,-0.618563,-0.618563,-0.000198701,0,-5.86E-06,0.475212
1_2,Cyclic Voltammetry,218.523,-0.617622,-0.617622,-0.000197339,0,-5.86E-06,0.475045
1_2,Cyclic Voltammetry,218.623,-0.616598,-0.616598,-0.000195784,0,-5.87E-06,0.474895
1_2,Cyclic Voltammetry,218.722,-0.615606,-0.615606,-0.000194282,0,-5.87E-06,0.474702
1_2,Cyclic Voltammetry,218.822,-0.614638,-0.614638,-0.000192807,0,-5.88E-06,0.474496
1_2,Cyclic Voltammetry,218.922,-0.613646,-0.613646,-0.000191313,0,-5.88E-06,0.474337
1_2,Cyclic Voltammetry,219.021,-0.612623,-0.612623,-0.000189703,0,-5.89E-06,0.474127
1_2,Cyclic Voltammetry,219.121,-0.611615,-0.611615,-0.000188221,0,-5.89E-06,0.473939
1_2,Cyclic Voltammetry,219.22,-0.610612,-0.610612,-0.000186761,0,-5.90E-06,0.473764
1_2,Cyclic Voltammetry,219.32,-0.609616,-0.609616,-0.000185162,0,-5.90E-06,0.473573
1_2,Cyclic Voltammetry,219.42,-0.608607,-0.608607,-0.000183598,0,-5.91E-06,0.473338
1_2,Cyclic Voltammetry,219.519,-0.607627,-0.607627,-0.000182043,0,-5.91E-06,0.473111
1_2,Cyclic Voltammetry,219.619,-0.606623,-0.606623,-0.000180527,0,-5.92E-06,0.47287
1_2,Cyclic Voltammetry,219.718,-0.60568,-0.60568,-0.000179025,0,-5.92E-06,0.472662
1_2,Cyclic Voltammetry,219.818,-0.604675,-0.604675,-0.00017754,0,-5.93E-06,0.472489
1_2,Cyclic Voltammetry,219.918,-0.603654,-0.603654,-0.000176064,0,-5.93E-06,0.472311
1_2,Cyclic Voltammetry,220.017,-0.602666,-0.602666,-0.000174569,0,-5.94E-06,0.472113
1_2,Cyclic Voltammetry,220.117,-0.601656,-0.601656,-0.00017302,0,-5.94E-06,0.471886
1_2,Cyclic Voltammetry,220.216,-0.600666,-0.600666,-0.000171639,0,-5.95E-06,0.47169
1_2,Cyclic Voltammetry,220.316,-0.59969,-0.59969,-0.0001702,0,-5.95E-06,0.471498
1_2,Cyclic Voltammetry,220.416,-0.598696,-0.598696,-0.000168859,0,-5.96E-06,0.471292
1_2,Cyclic Voltammetry,220.515,-0.59769,-0.59769,-0.000167469,0,-5.96E-06,0.471085
1_2,Cyclic Voltammetry,220.615,-0.596712,-0.596712,-0.000166088,0,-5.97E-06,0.470868
1_2,Cyclic Voltammetry,220.714,-0.595735,-0.595735,-0.000164793,0,-5.97E-06,0.470704
1_2,Cyclic Voltammetry,220.814,-0.594742,-0.594742,-0.000163498,0,-5.98E-06,0.470543
1_2,Cyclic Voltammetry,220.914,-0.593709,-0.593709,-0.000162143,0,-5.98E-06,0.470349
1_2,Cyclic Voltammetry,221.013,-0.592723,-0.592723,-0.000160833,0,-5.98E-06,0.47019
1_2,Cyclic Voltammetry,221.113,-0.591713,-0.591713,-0.000159582,0,-5.99E-06,0.469948
1_2,Cyclic Voltammetry,221.212,-0.590742,-0.590742,-0.000158296,0,-5.99E-06,0.469779
1_2,Cyclic Voltammetry,221.312,-0.589776,-0.589776,-0.000157129,0,-6.00E-06,0.469619
1_2,Cyclic Voltammetry,221.412,-0.588801,-0.588801,-0.000155838,0,-6.00E-06,0.469444
1_2,Cyclic Voltammetry,221.511,-0.587845,-0.587845,-0.000154673,0,-6.01E-06,0.469205
1_2,Cyclic Voltammetry,221.611,-0.586773,-0.586773,-0.000153295,0,-6.01E-06,0.469022
1_2,Cyclic Voltammetry,221.71,-0.585823,-0.585823,-0.000152135,0,-6.01E-06,0.468814
1_2,Cyclic Voltammetry,221.81,-0.584804,-0.584804,-0.000150822,0,-6.02E-06,0.468623
1_2,Cyclic Voltammetry,221.91,-0.583777,-0.583777,-0.000149569,0,-6.02E-06,0.468422
1_2,Cyclic Voltammetry,222.009,-0.582768,-0.582768,-0.000148244,0,-6.03E-06,0.468169
1_2,Cyclic Voltammetry,222.109,-0.581802,-0.581802,-0.000147048,0,-6.03E-06,0.467968
1_2,Cyclic Voltammetry,222.208,-0.580826,-0.580826,-0.000145729,0,-6.03E-06,0.467762
1_2,Cyclic Voltammetry,222.308,-0.579837,-0.579837,-0.000144405,0,-6.04E-06,0.467531
1_2,Cyclic Voltammetry,222.408,-0.578873,-0.578873,-0.00014306,0,-6.04E-06,0.467278
1_2,Cyclic Voltammetry,222.507,-0.577869,-0.577869,-0.000141649,0,-6.05E-06,0.467042
1_2,Cyclic Voltammetry,222.607,-0.576893,-0.576893,-0.000140276,0,-6.05E-06,0.466836
1_2,Cyclic Voltammetry,222.706,-0.575843,-0.575843,-0.000138941,0,-6.05E-06,0.466664
1_2,Cyclic Voltammetry,222.806,-0.574834,-0.574834,-0.000137549,0,-6.06E-06,0.466464
1_2,Cyclic Voltammetry,222.906,-0.573862,-0.573862,-0.000136083,0,-6.06E-06,0.466213
1_2,Cyclic Voltammetry,223.005,-0.572896,-0.572896,-0.000134716,0,-6.07E-06,0.465967
1_2,Cyclic Voltammetry,223.105,-0.571892,-0.571892,-0.000133246,0,-6.07E-06,0.465741
1_2,Cyclic Voltammetry,223.204,-0.570885,-0.570885,-0.0001318,0,-6.07E-06,0.465478
1_2,Cyclic Voltammetry,223.304,-0.569884,-0.569884,-0.000130313,0,-6.08E-06,0.465233
1_2,Cyclic Voltammetry,223.404,-0.568895,-0.568895,-0.000128926,0,-6.08E-06,0.465
1_2,Cyclic Voltammetry,223.503,-0.567894,-0.567894,-0.000127468,0,-6.08E-06,0.464779
1_2,Cyclic Voltammetry,223.603,-0.56689,-0.56689,-0.000126077,0,-6.09E-06,0.464599
1_2,Cyclic Voltammetry,223.702,-0.565888,-0.565888,-0.000124689,0,-6.09E-06,0.464341
1_2,Cyclic Voltammetry,223.802,-0.564872,-0.564872,-0.000123329,0,-6.09E-06,0.464094
1_2,Cyclic Voltammetry,223.902,-0.563895,-0.563895,-0.000121978,0,-6.10E-06,0.463785
1_2,Cyclic Voltammetry,224.001,-0.562927,-0.562927,-0.000120667,0,-6.10E-06,0.463559
1_2,Cyclic Voltammetry,224.101,-0.56189,-0.56189,-0.000119231,0,-6.10E-06,0.463404
1_2,Cyclic Voltammetry,224.2,-0.560933,-0.560933,-0.000117891,0,-6.11E-06,0.463161
1_2,Cyclic Voltammetry,224.3,-0.559907,-0.559907,-0.000116651,0,-6.11E-06,0.462941
1_2,Cyclic Voltammetry,224.4,-0.558915,-0.558915,-0.000115408,0,-6.11E-06,0.462712
1_2,Cyclic Voltammetry,224.499,-0.557932,-0.557932,-0.000114193,0,-6.12E-06,0.462492
1_2,Cyclic Voltammetry,224.599,-0.556965,-0.556965,-0.000113016,0,-6.12E-06,0.462264
1_2,Cyclic Voltammetry,224.698,-0.555964,-0.555964,-0.000111817,0,-6.12E-06,0.462047
1_2,Cyclic Voltammetry,224.798,-0.554954,-0.554954,-0.000110607,0,-6.13E-06,0.461808
1_2,Cyclic Voltammetry,224.898,-0.553927,-0.553927,-0.000109469,0,-6.13E-06,0.461571
1_2,Cyclic Voltammetry,224.997,-0.552943,-0.552943,-0.000108343,0,-6.13E-06,0.461343
1_2,Cyclic Voltammetry,225.097,-0.551984,-0.551984,-0.000107205,0,-6.14E-06,0.461151
1_2,Cyclic Voltammetry,225.196,-0.551009,-0.551009,-0.000106138,0,-6.14E-06,0.460923
1_2,Cyclic Voltammetry,225.296,-0.550002,-0.550002,-0.00010507,0,-6.14E-06,0.460694
1_2,Cyclic Voltammetry,225.396,-0.548988,-0.548988,-0.000104001,0,-6.14E-06,0.460433
1_2,Cyclic Voltammetry,225.495,-0.548004,-0.548004,-0.000102929,0,-6.15E-06,0.460179
1_2,Cyclic Voltammetry,225.595,-0.54703,-0.54703,-0.000101826,0,-6.15E-06,0.45994
1_2,Cyclic Voltammetry,225.694,-0.546034,-0.546034,-0.00010075,0,-6.15E-06,0.459749
1_2,Cyclic Voltammetry,225.794,-0.54502,-0.54502,-9.96E-05,0,-6.16E-06,0.459524
1_2,Cyclic Voltammetry,225.894,-0.544029,-0.544029,-9.85E-05,0,-6.16E-06,0.459271
1_2,Cyclic Voltammetry,225.993,-0.543054,-0.543054,-9.74E-05,0,-6.16E-06,0.459003
1_2,Cyclic Voltammetry,226.093,-0.54205,-0.54205,-9.63E-05,0,-6.16E-06,0.458757
1_2,Cyclic Voltammetry,226.192,-0.541073,-0.541073,-9.51E-05,0,-6.17E-06,0.45855
1_2,Cyclic Voltammetry,226.292,-0.540074,-0.540074,-9.40E-05,0,-6.17E-06,0.45837
1_2,Cyclic Voltammetry,226.392,-0.539067,-0.539067,-9.28E-05,0,-6.17E-06,0.458157
1_2,Cyclic Voltammetry,226.491,-0.538089,-0.538089,-9.16E-05,0,-6.17E-06,0.457846
1_2,Cyclic Voltammetry,226.591,-0.537092,-0.537092,-9.05E-05,0,-6.18E-06,0.457584
1_2,Cyclic Voltammetry,226.69,-0.536107,-0.536107,-8.93E-05,0,-6.18E-06,0.457355
1_2,Cyclic Voltammetry,226.79,-0.535132,-0.535132,-8.81E-05,0,-6.18E-06,0.457075
1_2,Cyclic Voltammetry,226.89,-0.534123,-0.534123,-8.69E-05,0,-6.18E-06,0.456786
1_2,Cyclic Voltammetry,226.989,-0.533095,-0.533095,-8.57E-05,0,-6.19E-06,0.456499
1_2,Cyclic Voltammetry,227.089,-0.532097,-0.532097,-8.45E-05,0,-6.19E-06,0.456255
1_2,Cyclic Voltammetry,227.188,-0.53111,-0.53111,-8.32E-05,0,-6.19E-06,0.45601
1_2,Cyclic Voltammetry,227.288,-0.53013,-0.53013,-8.20E-05,0,-6.19E-06,0.455735
1_2,Cyclic Voltammetry,227.388,-0.529127,-0.529127,-8.08E-05,0,-6.20E-06,0.455448
1_2,Cyclic Voltammetry,227.487,-0.528102,-0.528102,-7.97E-05,0,-6.20E-06,0.455181
1_2,Cyclic Voltammetry,227.587,-0.527096,-0.527096,-7.85E-05,0,-6.20E-06,0.454883
1_2,Cyclic Voltammetry,227.686,-0.52612,-0.52612,-7.74E-05,0,-6.20E-06,0.454629
1_2,Cyclic Voltammetry,227.786,-0.525146,-0.525146,-7.62E-05,0,-6.20E-06,0.45441
1_2,Cyclic Voltammetry,227.886,-0.524159,-0.524159,-7.51E-05,0,-6.21E-06,0.454153
1_2,Cyclic Voltammetry,227.985,-0.52314,-0.52314,-7.40E-05,0,-6.21E-06,0.453883
1_2,Cyclic Voltammetry,228.085,-0.522161,-0.522161,-7.29E-05,0,-6.21E-06,0.453608
1_2,Cyclic Voltammetry,228.184,-0.521158,-0.521158,-7.19E-05,0,-6.21E-06,0.453345
1_2,Cyclic Voltammetry,228.284,-0.520163,-0.520163,-7.10E-05,0,-6.21E-06,0.453137
1_2,Cyclic Voltammetry,228.384,-0.519138,-0.519138,-7.00E-05,0,-6.22E-06,0.452912
1_2,Cyclic Voltammetry,228.483,-0.518155,-0.518155,-6.90E-05,0,-6.22E-06,0.452649
1_2,Cyclic Voltammetry,228.583,-0.51716,-0.51716,-6.81E-05,0,-6.22E-06,0.452362
1_2,Cyclic Voltammetry,228.682,-0.51618,-0.51618,-6.72E-05,0,-6.22E-06,0.452094
1_2,Cyclic Voltammetry,228.782,-0.515201,-0.515201,-6.64E-05,0,-6.22E-06,0.451842
1_2,Cyclic Voltammetry,228.882,-0.514199,-0.514199,-6.55E-05,0,-6.23E-06,0.45161
1_2,Cyclic Voltammetry,228.981,-0.513215,-0.513215,-6.47E-05,0,-6.23E-06,0.451346
1_2,Cyclic Voltammetry,229.081,-0.512197,-0.512197,-6.39E-05,0,-6.23E-06,0.45104
1_2,Cyclic Voltammetry,229.18,-0.511188,-0.511188,-6.31E-05,0,-6.23E-06,0.450814
1_2,Cyclic Voltammetry,229.28,-0.510212,-0.510212,-6.23E-05,0,-6.23E-06,0.450617
1_2,Cyclic Voltammetry,229.38,-0.509285,-0.509285,-6.20E-05,0,-6.23E-06,0.450325
1_2,Cyclic Voltammetry,229.479,-0.50836,-0.50836,-6.09E-05,0,-6.24E-06,0.450015
1_2,Cyclic Voltammetry,229.579,-0.507367,-0.507367,-6.00E-05,0,-6.24E-06,0.449795
1_2,Cyclic Voltammetry,229.678,-0.506351,-0.506351,-5.92E-05,0,-6.24E-06,0.449538
1_2,Cyclic Voltammetry,229.778,-0.505356,-0.505356,-5.84E-05,0,-6.24E-06,0.449318
1_2,Cyclic Voltammetry,229.878,-0.504349,-0.504349,-5.76E-05,0,-6.24E-06,0.449071
1_2,Cyclic Voltammetry,229.977,-0.503353,-0.503353,-5.68E-05,0,-6.24E-06,0.448772
1_2,Cyclic Voltammetry,230.077,-0.502303,-0.502303,-5.59E-05,0,-6.25E-06,0.448535
1_2,Cyclic Voltammetry,230.176,-0.50134,-0.50134,-5.51E-05,0,-6.25E-06,0.448289
1_2,Cyclic Voltammetry,230.276,-0.50029,-0.50029,-5.42E-05,0,-6.25E-06,0.447967
1_2,Cyclic Voltammetry,230.376,-0.49934,-0.49934,-5.34E-05,0,-6.25E-06,0.447679
1_2,Cyclic Voltammetry,230.475,-0.498371,-0.498371,-5.25E-05,0,-6.25E-06,0.447431
1_2,Cyclic Voltammetry,230.575,-0.497362,-0.497362,-5.16E-05,0,-6.25E-06,0.447179
1_2,Cyclic Voltammetry,230.674,-0.496376,-0.496376,-5.07E-05,0,-6.26E-06,0.446917
1_2,Cyclic Voltammetry,230.774,-0.495367,-0.495367,-4.98E-05,0,-6.26E-06,0.446654
1_2,Cyclic Voltammetry,230.874,-0.494363,-0.494363,-4.89E-05,0,-6.26E-06,0.446379
1_2,Cyclic Voltammetry,230.973,-0.493379,-0.493379,-4.81E-05,0,-6.26E-06,0.446095
1_2,Cyclic Voltammetry,231.073,-0.492377,-0.492377,-4.71E-05,0,-6.26E-06,0.445856
1_2,Cyclic Voltammetry,231.172,-0.491398,-0.491398,-4.62E-05,0,-6.26E-06,0.445517
1_2,Cyclic Voltammetry,231.272,-0.490396,-0.490396,-4.53E-05,0,-6.26E-06,0.445213
1_2,Cyclic Voltammetry,231.372,-0.489418,-0.489418,-4.45E-05,0,-6.26E-06,0.444956
1_2,Cyclic Voltammetry,231.471,-0.48842,-0.48842,-4.37E-05,0,-6.27E-06,0.444709
1_2,Cyclic Voltammetry,231.571,-0.487395,-0.487395,-4.29E-05,0,-6.27E-06,0.444447
1_2,Cyclic Voltammetry,231.67,-0.486398,-0.486398,-4.20E-05,0,-6.27E-06,0.444206
1_2,Cyclic Voltammetry,231.77,-0.48538,-0.48538,-4.13E-05,0,-6.27E-06,0.44393
1_2,Cyclic Voltammetry,231.87,-0.484385,-0.484385,-4.05E-05,0,-6.27E-06,0.44364
1_2,Cyclic Voltammetry,231.969,-0.483386,-0.483386,-3.98E-05,0,-6.27E-06,0.443441
1_2,Cyclic Voltammetry,232.069,-0.482385,-0.482385,-3.91E-05,0,-6.27E-06,0.443143
1_2,Cyclic Voltammetry,232.168,-0.481423,-0.481423,-3.84E-05,0,-6.27E-06,0.442847
1_2,Cyclic Voltammetry,232.268,-0.480439,-0.480439,-3.78E-05,0,-6.27E-06,0.44261
1_2,Cyclic Voltammetry,232.368,-0.479454,-0.479454,-3.72E-05,0,-6.28E-06,0.442376
1_2,Cyclic Voltammetry,232.467,-0.478425,-0.478425,-3.66E-05,0,-6.28E-06,0.442144
1_2,Cyclic Voltammetry,232.567,-0.477394,-0.477394,-3.60E-05,0,-6.28E-06,0.441862
1_2,Cyclic Voltammetry,232.666,-0.476377,-0.476377,-3.55E-05,0,-6.28E-06,0.441672
1_2,Cyclic Voltammetry,232.766,-0.475404,-0.475404,-3.50E-05,0,-6.28E-06,0.441414
1_2,Cyclic Voltammetry,232.866,-0.474424,-0.474424,-3.46E-05,0,-6.28E-06,0.441172
1_2,Cyclic Voltammetry,232.965,-0.47342,-0.47342,-3.40E-05,0,-6.28E-06,0.440921
1_2,Cyclic Voltammetry,233.065,-0.472429,-0.472429,-3.36E-05,0,-6.28E-06,0.440638
1_2,Cyclic Voltammetry,233.164,-0.471436,-0.471436,-3.31E-05,0,-6.28E-06,0.440395
1_2,Cyclic Voltammetry,233.264,-0.470454,-0.470454,-3.26E-05,0,-6.28E-06,0.440207
1_2,Cyclic Voltammetry,233.364,-0.469439,-0.469439,-3.21E-05,0,-6.29E-06,0.440012
1_2,Cyclic Voltammetry,233.463,-0.468445,-0.468445,-3.16E-05,0,-6.29E-06,0.439692
1_2,Cyclic Voltammetry,233.563,-0.467411,-0.467411,-3.11E-05,0,-6.29E-06,0.439455
1_2,Cyclic Voltammetry,233.662,-0.466461,-0.466461,-3.07E-05,0,-6.29E-06,0.439217
1_2,Cyclic Voltammetry,233.762,-0.465458,-0.465458,-3.02E-05,0,-6.29E-06,0.438971
1_2,Cyclic Voltammetry,233.862,-0.464423,-0.464423,-2.97E-05,0,-6.29E-06,0.438723
1_2,Cyclic Voltammetry,233.961,-0.463411,-0.463411,-2.91E-05,0,-6.29E-06,0.438443
1_2,Cyclic Voltammetry,234.061,-0.462409,-0.462409,-2.87E-05,0,-6.29E-06,0.438203
1_2,Cyclic Voltammetry,234.16,-0.461425,-0.461425,-2.80E-05,0,-6.29E-06,0.437953
1_2,Cyclic Voltammetry,234.26,-0.460423,-0.460423,-2.75E-05,0,-6.29E-06,0.43774
1_2,Cyclic Voltammetry,234.36,-0.45943,-0.45943,-2.69E-05,0,-6.29E-06,0.437418
1_2,Cyclic Voltammetry,234.459,-0.458424,-0.458424,-2.63E-05,0,-6.29E-06,0.437166
1_2,Cyclic Voltammetry,234.559,-0.457441,-0.457441,-2.57E-05,0,-6.29E-06,0.436963
1_2,Cyclic Voltammetry,234.658,-0.456477,-0.456477,-2.51E-05,0,-6.30E-06,0.436688
1_2,Cyclic Voltammetry,234.758,-0.4555,-0.4555,-2.46E-05,0,-6.30E-06,0.436432
1_2,Cyclic Voltammetry,234.858,-0.454464,-0.454464,-2.40E-05,0,-6.30E-06,0.436154
1_2,Cyclic Voltammetry,234.957,-0.453449,-0.453449,-2.33E-05,0,-6.30E-06,0.4359
1_2,Cyclic Voltammetry,235.057,-0.452449,-0.452449,-2.27E-05,0,-6.30E-06,0.435651
1_2,Cyclic Voltammetry,235.156,-0.451457,-0.451457,-2.21E-05,0,-6.30E-06,0.43538
1_2,Cyclic Voltammetry,235.256,-0.450483,-0.450483,-2.16E-05,0,-6.30E-06,0.435094
1_2,Cyclic Voltammetry,235.356,-0.449497,-0.449497,-2.10E-05,0,-6.30E-06,0.434787
1_2,Cyclic Voltammetry,235.455,-0.448485,-0.448485,-2.05E-05,0,-6.30E-06,0.434566
1_2,Cyclic Voltammetry,235.555,-0.44747,-0.44747,-2.00E-05,0,-6.30E-06,0.434277
1_2,Cyclic Voltammetry,235.654,-0.446453,-0.446453,-1.95E-05,0,-6.30E-06,0.434056
1_2,Cyclic Voltammetry,235.754,-0.445473,-0.445473,-1.91E-05,0,-6.30E-06,0.433804
1_2,Cyclic Voltammetry,235.854,-0.444501,-0.444501,-1.86E-05,0,-6.30E-06,0.433596
1_2,Cyclic Voltammetry,235.953,-0.44348,-0.44348,-1.82E-05,0,-6.30E-06,0.43335
1_2,Cyclic Voltammetry,236.053,-0.442462,-0.442462,-1.78E-05,0,-6.30E-06,0.433107
1_2,Cyclic Voltammetry,236.152,-0.441486,-0.441486,-1.75E-05,0,-6.30E-06,0.432828
1_2,Cyclic Voltammetry,236.252,-0.440528,-0.440528,-1.71E-05,0,-6.30E-06,0.432596
1_2,Cyclic Voltammetry,236.352,-0.439525,-0.439525,-1.68E-05,0,-6.31E-06,0.432423
1_2,Cyclic Voltammetry,236.451,-0.438561,-0.438561,-1.65E-05,0,-6.31E-06,0.432165
1_2,Cyclic Voltammetry,236.551,-0.437366,-0.437366,-1.62E-05,0,-6.31E-06,0.431828
1_2,Cyclic Voltammetry,236.65,-0.436508,-0.436508,-1.60E-05,0,-6.31E-06,0.431626
1_2,Cyclic Voltammetry,236.75,-0.435509,-0.435509,-1.58E-05,0,-6.31E-06,0.431436
1_2,Cyclic Voltammetry,236.85,-0.434527,-0.434527,-1.56E-05,0,-6.31E-06,0.43126
1_2,Cyclic Voltammetry,236.949,-0.433518,-0.433518,-1.54E-05,0,-6.31E-06,0.431036
1_2,Cyclic Voltammetry,237.049,-0.432504,-0.432504,-1.51E-05,0,-6.31E-06,0.430733
1_2,Cyclic Voltammetry,237.148,-0.431496,-0.431496,-1.48E-05,0,-6.31E-06,0.430497
1_2,Cyclic Voltammetry,237.248,-0.430512,-0.430512,-1.46E-05,0,-6.31E-06,0.430312
1_2,Cyclic Voltammetry,237.348,-0.429528,-0.429528,-1.42E-05,0,-6.31E-06,0.430108
1_2,Cyclic Voltammetry,237.447,-0.428531,-0.428531,-1.40E-05,0,-6.31E-06,0.429855
1_2,Cyclic Voltammetry,237.547,-0.427527,-0.427527,-1.38E-05,0,-6.31E-06,0.429558
1_2,Cyclic Voltammetry,237.646,-0.426507,-0.426507,-1.35E-05,0,-6.31E-06,0.429353
1_2,Cyclic Voltammetry,237.746,-0.425505,-0.425505,-1.32E-05,0,-6.31E-06,0.429183
1_2,Cyclic Voltammetry,237.846,-0.424562,-0.424562,-1.28E-05,0,-6.31E-06,0.428961
1_2,Cyclic Voltammetry,237.945,-0.423559,-0.423559,-1.24E-05,0,-6.31E-06,0.428703
1_2,Cyclic Voltammetry,238.045,-0.422569,-0.422569,-1.21E-05,0,-6.31E-06,0.428402
1_2,Cyclic Voltammetry,238.144,-0.421549,-0.421549,-1.17E-05,0,-6.31E-06,0.428167
1_2,Cyclic Voltammetry,238.244,-0.420565,-0.420565,-1.14E-05,0,-6.31E-06,0.427975
1_2,Cyclic Voltammetry,238.344,-0.419557,-0.419557,-1.09E-05,0,-6.31E-06,0.42779
1_2,Cyclic Voltammetry,238.443,-0.418566,-0.418566,-1.05E-05,0,-6.31E-06,0.42752
1_2,Cyclic Voltammetry,238.543,-0.417582,-0.417582,-1.02E-05,0,-6.31E-06,0.427265
1_2,Cyclic Voltammetry,238.642,-0.416575,-0.416575,-9.76E-06,0,-6.31E-06,0.427035
1_2,Cyclic Voltammetry,238.742,-0.415592,-0.415592,-9.30E-06,0,-6.31E-06,0.426765
1_2,Cyclic Voltammetry,238.842,-0.414632,-0.414632,-8.89E-06,0,-6.31E-06,0.426491
1_2,Cyclic Voltammetry,238.941,-0.413648,-0.413648,-8.49E-06,0,-6.31E-06,0.426306
1_2,Cyclic Voltammetry,239.041,-0.412642,-0.412642,-8.13E-06,0,-6.31E-06,0.426079
1_2,Cyclic Voltammetry,239.14,-0.411575,-0.411575,-7.78E-06,0,-6.31E-06,0.425836
1_2,Cyclic Voltammetry,239.24,-0.410561,-0.410561,-7.43E-06,0,-6.32E-06,0.42559
1_2,Cyclic Voltammetry,239.34,-0.409545,-0.409545,-7.05E-06,0,-6.32E-06,0.425335
1_2,Cyclic Voltammetry,239.439,-0.408556,-0.408556,-6.71E-06,0,-6.32E-06,0.425135
1_2,Cyclic Voltammetry,239.539,-0.407543,-0.407543,-6.38E-06,0,-6.32E-06,0.424935
1_2,Cyclic Voltammetry,239.638,-0.406547,-0.406547,-6.16E-06,0,-6.32E-06,0.424683
1_2,Cyclic Voltammetry,239.738,-0.405542,-0.405542,-5.90E-06,0,-6.32E-06,0.424464
1_2,Cyclic Voltammetry,239.838,-0.404534,-0.404534,-5.65E-06,0,-6.32E-06,0.424273
1_2,Cyclic Voltammetry,239.937,-0.403555,-0.403555,-5.41E-06,0,-6.32E-06,0.424086
1_2,Cyclic Voltammetry,240.037,-0.402562,-0.402562,-5.24E-06,0,-6.32E-06,0.423874
1_2,Cyclic Voltammetry,240.136,-0.401539,-0.401539,-5.06E-06,0,-6.32E-06,0.423643
1_2,Cyclic Voltammetry,240.236,-0.400536,-0.400536,-4.90E-06,0,-6.32E-06,0.423398
1_2,Cyclic Voltammetry,240.336,-0.399552,-0.399552,-4.73E-06,0,-6.32E-06,0.423166
1_2,Cyclic Voltammetry,240.435,-0.398557,-0.398557,-4.63E-06,0,-6.32E-06,0.423006
1_2,Cyclic Voltammetry,240.535,-0.397598,-0.397598,-4.46E-06,0,-6.32E-06,0.422805
1_2,Cyclic Voltammetry,240.634,-0.396617,-0.396617,-4.35E-06,0,-6.32E-06,0.422575
1_2,Cyclic Voltammetry,240.734,-0.395601,-0.395601,-4.26E-06,0,-6.32E-06,0.422345
1_2,Cyclic Voltammetry,240.834,-0.394579,-0.394579,-4.19E-06,0,-6.32E-06,0.422187
1_2,Cyclic Voltammetry,240.933,-0.393545,-0.393545,-4.02E-06,0,-6.32E-06,0.421995
1_2,Cyclic Voltammetry,241.033,-0.392595,-0.392595,-3.89E-06,0,-6.32E-06,0.421802
1_2,Cyclic Voltammetry,241.132,-0.391609,-0.391609,-3.76E-06,0,-6.32E-06,0.421544
1_2,Cyclic Voltammetry,241.232,-0.390558,-0.390558,-3.60E-06,0,-6.32E-06,0.421319
1_2,Cyclic Voltammetry,241.332,-0.389577,-0.389577,-3.49E-06,0,-6.32E-06,0.421114
1_2,Cyclic Voltammetry,241.431,-0.388601,-0.388601,-3.33E-06,0,-6.32E-06,0.420926
1_2,Cyclic Voltammetry,241.531,-0.387646,-0.387646,-3.12E-06,0,-6.32E-06,0.420687
1_2,Cyclic Voltammetry,241.63,-0.386681,-0.386681,-2.97E-06,0,-6.32E-06,0.420445
1_2,Cyclic Voltammetry,241.73,-0.385656,-0.385656,-2.71E-06,0,-6.32E-06,0.420235
1_2,Cyclic Voltammetry,241.83,-0.384595,-0.384595,-2.48E-06,0,-6.32E-06,0.420055
1_2,Cyclic Voltammetry,241.929,-0.383586,-0.383586,-2.20E-06,0,-6.32E-06,0.419844
1_2,Cyclic Voltammetry,242.029,-0.382604,-0.382604,-2.00E-06,0,-6.32E-06,0.419633
1_2,Cyclic Voltammetry,242.128,-0.381642,-0.381642,-1.72E-06,0,-6.32E-06,0.419417
1_2,Cyclic Voltammetry,242.228,-0.380664,-0.380664,-1.42E-06,0,-6.32E-06,0.419178
1_2,Cyclic Voltammetry,242.328,-0.379652,-0.379652,-1.14E-06,0,-6.32E-06,0.41896
1_2,Cyclic Voltammetry,242.427,-0.378695,-0.378695,-8.62E-07,0,-6.32E-06,0.418753
1_2,Cyclic Voltammetry,242.527,-0.377682,-0.377682,-5.47E-07,0,-6.32E-06,0.41857
1_2,Cyclic Voltammetry,242.626,-0.376674,-0.376674,-2.17E-07,0,-6.32E-06,0.418313
1_2,Cyclic Voltammetry,242.726,-0.375655,-0.375655,7.75E-08,0,-6.32E-06,0.41811
1_2,Cyclic Voltammetry,242.826,-0.374659,-0.374659,3.88E-07,0,-6.32E-06,0.417865
1_2,Cyclic Voltammetry,242.925,-0.373635,-0.373635,6.33E-07,0,-6.32E-06,0.417659
1_2,Cyclic Voltammetry,243.025,-0.372674,-0.372674,9.39E-07,0,-6.32E-06,0.417436
1_2,Cyclic Voltammetry,243.124,-0.371686,-0.371686,1.19E-06,0,-6.32E-06,0.417199
1_2,Cyclic Voltammetry,243.224,-0.37067,-0.37067,1.48E-06,0,-6.32E-06,0.417
1_2,Cyclic Voltammetry,243.324,-0.369642,-0.369642,1.72E-06,0,-6.32E-06,0.416783
1_2,Cyclic Voltammetry,243.423,-0.368643,-0.368643,1.94E-06,0,-6.32E-06,0.416553
1_2,Cyclic Voltammetry,243.523,-0.367617,-0.367617,2.15E-06,0,-6.32E-06,0.416387
1_2,Cyclic Voltammetry,243.622,-0.36664,-0.36664,2.32E-06,0,-6.32E-06,0.416214
1_2,Cyclic Voltammetry,243.722,-0.365665,-0.365665,2.51E-06,0,-6.32E-06,0.415971
1_2,Cyclic Voltammetry,243.822,-0.364619,-0.364619,2.63E-06,0,-6.32E-06,0.415772
1_2,Cyclic Voltammetry,243.921,-0.363604,-0.363604,2.75E-06,0,-6.32E-06,0.415542
1_2,Cyclic Voltammetry,244.021,-0.362594,-0.362594,2.89E-06,0,-6.32E-06,0.415397
1_2,Cyclic Voltammetry,244.12,-0.361637,-0.361637,2.95E-06,0,-6.32E-06,0.415213
1_2,Cyclic Voltammetry,244.22,-0.360696,-0.360696,3.03E-06,0,-6.32E-06,0.415027
1_2,Cyclic Voltammetry,244.32,-0.359718,-0.359718,3.13E-06,0,-6.32E-06,0.414774
1_2,Cyclic Voltammetry,244.419,-0.358717,-0.358717,3.19E-06,0,-6.32E-06,0.414591
1_2,Cyclic Voltammetry,244.519,-0.357664,-0.357664,3.23E-06,0,-6.32E-06,0.4145
1_2,Cyclic Voltammetry,244.618,-0.356695,-0.356695,3.28E-06,0,-6.32E-06,0.414297
1_2,Cyclic Voltammetry,244.718,-0.355701,-0.355701,3.31E-06,0,-6.32E-06,0.414052
1_2,Cyclic Voltammetry,244.818,-0.354677,-0.354677,3.38E-06,0,-6.32E-06,0.413873
1_2,Cyclic Voltammetry,244.917,-0.353666,-0.353666,3.42E-06,0,-6.32E-06,0.413638
1_2,Cyclic Voltammetry,245.017,-0.352695,-0.352695,3.51E-06,0,-6.32E-06,0.413438
1_2,Cyclic Voltammetry,245.116,-0.351724,-0.351724,3.56E-06,0,-6.32E-06,0.413261
1_2,Cyclic Voltammetry,245.216,-0.350739,-0.350739,3.63E-06,0,-6.32E-06,0.413032
1_2,Cyclic Voltammetry,245.316,-0.349742,-0.349742,3.70E-06,0,-6.32E-06,0.412829
1_2,Cyclic Voltammetry,245.415,-0.348688,-0.348688,3.79E-06,0,-6.32E-06,0.412685
1_2,Cyclic Voltammetry,245.515,-0.347682,-0.347682,3.92E-06,0,-6.32E-06,0.412558
1_2,Cyclic Voltammetry,245.614,-0.346707,-0.346707,4.07E-06,0,-6.32E-06,0.412351
1_2,Cyclic Voltammetry,245.714,-0.345696,-0.345696,4.24E-06,0,-6.32E-06,0.412114
1_2,Cyclic Voltammetry,245.814,-0.34472,-0.34472,4.41E-06,0,-6.32E-06,0.411909
1_2,Cyclic Voltammetry,245.913,-0.343745,-0.343745,4.57E-06,0,-6.32E-06,0.411682
1_2,Cyclic Voltammetry,246.013,-0.342729,-0.342729,4.77E-06,0,-6.32E-06,0.411504
1_2,Cyclic Voltammetry,246.112,-0.341726,-0.341726,5.00E-06,0,-6.32E-06,0.411324
1_2,Cyclic Voltammetry,246.212,-0.34077,-0.34077,5.18E-06,0,-6.32E-06,0.411105
1_2,Cyclic Voltammetry,246.312,-0.339801,-0.339801,5.28E-06,0,-6.32E-06,0.410886
1_2,Cyclic Voltammetry,246.411,-0.338876,-0.338876,5.32E-06,0,-6.32E-06,0.410704
1_2,Cyclic Voltammetry,246.511,-0.337876,-0.337876,5.79E-06,0,-6.32E-06,0.410479
1_2,Cyclic Voltammetry,246.61,-0.336859,-0.336859,6.08E-06,0,-6.32E-06,0.410264
1_2,Cyclic Voltammetry,246.71,-0.335891,-0.335891,6.33E-06,0,-6.32E-06,0.410025
1_2,Cyclic Voltammetry,246.81,-0.334899,-0.334899,6.59E-06,0,-6.32E-06,0.409816
1_2,Cyclic Voltammetry,246.909,-0.333896,-0.333896,6.83E-06,0,-6.31E-06,0.409641
1_2,Cyclic Voltammetry,247.009,-0.332886,-0.332886,7.02E-06,0,-6.31E-06,0.409425
1_2,Cyclic Voltammetry,247.108,-0.331861,-0.331861,7.21E-06,0,-6.31E-06,0.409215
1_2,Cyclic Voltammetry,247.208,-0.33088,-0.33088,7.41E-06,0,-6.31E-06,0.409001
1_2,Cyclic Voltammetry,247.308,-0.329898,-0.329898,7.63E-06,0,-6.31E-06,0.408819
1_2,Cyclic Voltammetry,247.407,-0.328915,-0.328915,7.81E-06,0,-6.31E-06,0.408621
1_2,Cyclic Voltammetry,247.507,-0.327919,-0.327919,8.00E-06,0,-6.31E-06,0.408429
1_2,Cyclic Voltammetry,247.606,-0.326884,-0.326884,8.11E-06,0,-6.31E-06,0.40824
1_2,Cyclic Voltammetry,247.706,-0.3259,-0.3259,8.20E-06,0,-6.31E-06,0.408087
1_2,Cyclic Voltammetry,247.806,-0.324935,-0.324935,8.33E-06,0,-6.31E-06,0.407904
1_2,Cyclic Voltammetry,247.905,-0.323951,-0.323951,8.37E-06,0,-6.31E-06,0.407735
1_2,Cyclic Voltammetry,248.005,-0.322935,-0.322935,8.44E-06,0,-6.31E-06,0.40754
1_2,Cyclic Voltammetry,248.104,-0.32191,-0.32191,8.55E-06,0,-6.31E-06,0.407372
1_2,Cyclic Voltammetry,248.204,-0.32097,-0.32097,8.55E-06,0,-6.31E-06,0.407189
1_2,Cyclic Voltammetry,248.304,-0.319977,-0.319977,8.59E-06,0,-6.31E-06,0.407024
1_2,Cyclic Voltammetry,248.403,-0.318939,-0.318939,8.57E-06,0,-6.31E-06,0.406854
1_2,Cyclic Voltammetry,248.503,-0.31795,-0.31795,8.63E-06,0,-6.31E-06,0.406607
1_2,Cyclic Voltammetry,248.602,-0.316961,-0.316961,8.60E-06,0,-6.31E-06,0.406403
1_2,Cyclic Voltammetry,248.702,-0.315947,-0.315947,8.59E-06,0,-6.31E-06,0.406245
1_2,Cyclic Voltammetry,248.802,-0.31497,-0.31497,8.55E-06,0,-6.31E-06,0.406108
1_2,Cyclic Voltammetry,248.901,-0.313971,-0.313971,8.60E-06,0,-6.31E-06,0.405906
1_2,Cyclic Voltammetry,249.001,-0.312963,-0.312963,8.60E-06,0,-6.31E-06,0.405689
1_2,Cyclic Voltammetry,249.1,-0.311994,-0.311994,8.66E-06,0,-6.31E-06,0.40554
1_2,Cyclic Voltammetry,249.2,-0.310996,-0.310996,8.68E-06,0,-6.31E-06,0.405385
1_2,Cyclic Voltammetry,249.3,-0.310004,-0.310004,8.70E-06,0,-6.31E-06,0.405234
1_2,Cyclic Voltammetry,249.399,-0.309013,-0.309013,8.73E-06,0,-6.31E-06,0.405001
1_2,Cyclic Voltammetry,249.499,-0.308037,-0.308037,8.78E-06,0,-6.31E-06,0.404809
1_2,Cyclic Voltammetry,249.598,-0.30704,-0.30704,8.91E-06,0,-6.31E-06,0.404623
1_2,Cyclic Voltammetry,249.698,-0.306052,-0.306052,9.01E-06,0,-6.31E-06,0.404461
1_2,Cyclic Voltammetry,249.798,-0.305052,-0.305052,9.15E-06,0,-6.31E-06,0.404298
1_2,Cyclic Voltammetry,249.897,-0.304062,-0.304062,9.30E-06,0,-6.31E-06,0.404094
1_2,Cyclic Voltammetry,249.997,-0.303023,-0.303023,9.45E-06,0,-6.31E-06,0.403906
1_2,Cyclic Voltammetry,250.096,-0.302058,-0.302058,9.56E-06,0,-6.31E-06,0.403678
1_2,Cyclic Voltammetry,250.196,-0.301047,-0.301047,9.74E-06,0,-6.31E-06,0.403503
1_2,Cyclic Voltammetry,250.296,-0.300043,-0.300043,9.92E-06,0,-6.31E-06,0.403346
1_2,Cyclic Voltammetry,250.395,-0.299071,-0.299071,1.01E-05,0,-6.31E-06,0.403123
1_2,Cyclic Voltammetry,250.495,-0.298069,-0.298069,1.03E-05,0,-6.31E-06,0.402908
1_2,Cyclic Voltammetry,250.594,-0.297113,-0.297113,1.05E-05,0,-6.31E-06,0.402777
1_2,Cyclic Voltammetry,250.694,-0.296107,-0.296107,1.08E-05,0,-6.31E-06,0.402611
1_2,Cyclic Voltammetry,250.794,-0.295093,-0.295093,1.10E-05,0,-6.31E-06,0.402401
1_2,Cyclic Voltammetry,250.893,-0.294136,-0.294136,1.11E-05,0,-6.31E-06,0.402185
1_2,Cyclic Voltammetry,250.993,-0.293121,-0.293121,1.13E-05,0,-6.30E-06,0.40198
1_2,Cyclic Voltammetry,251.092,-0.292121,-0.292121,1.14E-05,0,-6.30E-06,0.401805
1_2,Cyclic Voltammetry,251.192,-0.291157,-0.291157,1.15E-05,0,-6.30E-06,0.401619
1_2,Cyclic Voltammetry,251.292,-0.290175,-0.290175,1.18E-05,0,-6.30E-06,0.4014
1_2,Cyclic Voltammetry,251.391,-0.289181,-0.289181,1.19E-05,0,-6.30E-06,0.401192
1_2,Cyclic Voltammetry,251.491,-0.288198,-0.288198,1.20E-05,0,-6.30E-06,0.401051
1_2,Cyclic Voltammetry,251.59,-0.287169,-0.287169,1.21E-05,0,-6.30E-06,0.40086
1_2,Cyclic Voltammetry,251.69,-0.286151,-0.286151,1.22E-05,0,-6.30E-06,0.400656
1_2,Cyclic Voltammetry,251.79,-0.285163,-0.285163,1.22E-05,0,-6.30E-06,0.400492
1_2,Cyclic Voltammetry,251.889,-0.284153,-0.284153,1.23E-05,0,-6.30E-06,0.400312
1_2,Cyclic Voltammetry,251.989,-0.283143,-0.283143,1.23E-05,0,-6.30E-06,0.400147
1_2,Cyclic Voltammetry,252.088,-0.282162,-0.282162,1.23E-05,0,-6.30E-06,0.39996
1_2,Cyclic Voltammetry,252.188,-0.281166,-0.281166,1.23E-05,0,-6.30E-06,0.399799
1_2,Cyclic Voltammetry,252.288,-0.280202,-0.280202,1.23E-05,0,-6.30E-06,0.399604
1_2,Cyclic Voltammetry,252.387,-0.279219,-0.279219,1.23E-05,0,-6.30E-06,0.399481
1_2,Cyclic Voltammetry,252.487,-0.278179,-0.278179,1.23E-05,0,-6.30E-06,0.399349
1_2,Cyclic Voltammetry,252.586,-0.277157,-0.277157,1.22E-05,0,-6.30E-06,0.399206
1_2,Cyclic Voltammetry,252.686,-0.276173,-0.276173,1.22E-05,0,-6.30E-06,0.39909
1_2,Cyclic Voltammetry,252.786,-0.275187,-0.275187,1.21E-05,0,-6.30E-06,0.398917
1_2,Cyclic Voltammetry,252.885,-0.274181,-0.274181,1.21E-05,0,-6.30E-06,0.398715
1_2,Cyclic Voltammetry,252.985,-0.273201,-0.273201,1.21E-05,0,-6.30E-06,0.398533
1_2,Cyclic Voltammetry,253.084,-0.272224,-0.272224,1.21E-05,0,-6.30E-06,0.398391
1_2,Cyclic Voltammetry,253.184,-0.271221,-0.271221,1.21E-05,0,-6.30E-06,0.398247
1_2,Cyclic Voltammetry,253.284,-0.270202,-0.270202,1.21E-05,0,-6.30E-06,0.398094
1_2,Cyclic Voltammetry,253.383,-0.2692,-0.2692,1.21E-05,0,-6.30E-06,0.3979
1_2,Cyclic Voltammetry,253.483,-0.26821,-0.26821,1.20E-05,0,-6.30E-06,0.3977
1_2,Cyclic Voltammetry,253.582,-0.267197,-0.267197,1.21E-05,0,-6.30E-06,0.39756
1_2,Cyclic Voltammetry,253.682,-0.266197,-0.266197,1.22E-05,0,-6.30E-06,0.397402
1_2,Cyclic Voltammetry,253.782,-0.265238,-0.265238,1.22E-05,0,-6.30E-06,0.397147
1_2,Cyclic Voltammetry,253.881,-0.264266,-0.264266,1.24E-05,0,-6.30E-06,0.396971
1_2,Cyclic Voltammetry,253.981,-0.263301,-0.263301,1.24E-05,0,-6.29E-06,0.396807
1_2,Cyclic Voltammetry,254.08,-0.262297,-0.262297,1.26E-05,0,-6.29E-06,0.396648
1_2,Cyclic Voltammetry,254.18,-0.261305,-0.261305,1.26E-05,0,-6.29E-06,0.396497
1_2,Cyclic Voltammetry,254.28,-0.260283,-0.260283,1.28E-05,0,-6.29E-06,0.396283
1_2,Cyclic Voltammetry,254.379,-0.259279,-0.259279,1.30E-05,0,-6.29E-06,0.396104
1_2,Cyclic Voltammetry,254.479,-0.25832,-0.25832,1.31E-05,0,-6.29E-06,0.395933
1_2,Cyclic Voltammetry,254.578,-0.257309,-0.257309,1.33E-05,0,-6.29E-06,0.395773
1_2,Cyclic Voltammetry,254.678,-0.256261,-0.256261,1.35E-05,0,-6.29E-06,0.395568
1_2,Cyclic Voltammetry,254.778,-0.255281,-0.255281,1.36E-05,0,-6.29E-06,0.395372
1_2,Cyclic Voltammetry,254.877,-0.254292,-0.254292,1.38E-05,0,-6.29E-06,0.395216
1_2,Cyclic Voltammetry,254.977,-0.253309,-0.253309,1.39E-05,0,-6.29E-06,0.395061
1_2,Cyclic Voltammetry,255.076,-0.252343,-0.252343,1.40E-05,0,-6.29E-06,0.39489
1_2,Cyclic Voltammetry,255.176,-0.251334,-0.251334,1.42E-05,0,-6.29E-06,0.394734
1_2,Cyclic Voltammetry,255.276,-0.250313,-0.250313,1.42E-05,0,-6.29E-06,0.39457
1_2,Cyclic Voltammetry,255.375,-0.249347,-0.249347,1.44E-05,0,-6.29E-06,0.394415
1_2,Cyclic Voltammetry,255.475,-0.248376,-0.248376,1.45E-05,0,-6.29E-06,0.394253
1_2,Cyclic Voltammetry,255.574,-0.247389,-0.247389,1.45E-05,0,-6.29E-06,0.39404
1_2,Cyclic Voltammetry,255.674,-0.246401,-0.246401,1.46E-05,0,-6.29E-06,0.393893
1_2,Cyclic Voltammetry,255.774,-0.24539,-0.24539,1.46E-05,0,-6.29E-06,0.393757
1_2,Cyclic Voltammetry,255.873,-0.244364,-0.244364,1.46E-05,0,-6.29E-06,0.393625
1_2,Cyclic Voltammetry,255.973,-0.243396,-0.243396,1.46E-05,0,-6.29E-06,0.393456
1_2,Cyclic Voltammetry,256.072,-0.242412,-0.242412,1.46E-05,0,-6.29E-06,0.393285
1_2,Cyclic Voltammetry,256.172,-0.24139,-0.24139,1.46E-05,0,-6.29E-06,0.393095
1_2,Cyclic Voltammetry,256.272,-0.24038,-0.24038,1.45E-05,0,-6.29E-06,0.392951
1_2,Cyclic Voltammetry,256.371,-0.23939,-0.23939,1.45E-05,0,-6.29E-06,0.392803
1_2,Cyclic Voltammetry,256.471,-0.238375,-0.238375,1.44E-05,0,-6.29E-06,0.392666
1_2,Cyclic Voltammetry,256.57,-0.23742,-0.23742,1.43E-05,0,-6.28E-06,0.392479
1_2,Cyclic Voltammetry,256.67,-0.23643,-0.23643,1.43E-05,0,-6.28E-06,0.3923
1_2,Cyclic Voltammetry,256.77,-0.235426,-0.235426,1.42E-05,0,-6.28E-06,0.392174
1_2,Cyclic Voltammetry,256.869,-0.234444,-0.234444,1.41E-05,0,-6.28E-06,0.392063
1_2,Cyclic Voltammetry,256.969,-0.233425,-0.233425,1.41E-05,0,-6.28E-06,0.391932
1_2,Cyclic Voltammetry,257.068,-0.232402,-0.232402,1.40E-05,0,-6.28E-06,0.391747
1_2,Cyclic Voltammetry,257.168,-0.231439,-0.231439,1.40E-05,0,-6.28E-06,0.391537
1_2,Cyclic Voltammetry,257.268,-0.230438,-0.230438,1.40E-05,0,-6.28E-06,0.391434
1_2,Cyclic Voltammetry,257.367,-0.229473,-0.229473,1.39E-05,0,-6.28E-06,0.391264
1_2,Cyclic Voltammetry,257.467,-0.22849,-0.22849,1.39E-05,0,-6.28E-06,0.391107
1_2,Cyclic Voltammetry,257.566,-0.227511,-0.227511,1.39E-05,0,-6.28E-06,0.390939
1_2,Cyclic Voltammetry,257.666,-0.226541,-0.226541,1.40E-05,0,-6.28E-06,0.39075
1_2,Cyclic Voltammetry,257.766,-0.225522,-0.225522,1.40E-05,0,-6.28E-06,0.3906
1_2,Cyclic Voltammetry,257.865,-0.22449,-0.22449,1.41E-05,0,-6.28E-06,0.390443
1_2,Cyclic Voltammetry,257.965,-0.223473,-0.223473,1.42E-05,0,-6.28E-06,0.39028
1_2,Cyclic Voltammetry,258.064,-0.222509,-0.222509,1.42E-05,0,-6.28E-06,0.390098
1_2,Cyclic Voltammetry,258.164,-0.221523,-0.221523,1.43E-05,0,-6.28E-06,0.38994
1_2,Cyclic Voltammetry,258.264,-0.220516,-0.220516,1.44E-05,0,-6.28E-06,0.389752
1_2,Cyclic Voltammetry,258.363,-0.219526,-0.219526,1.45E-05,0,-6.28E-06,0.38962
1_2,Cyclic Voltammetry,258.463,-0.218532,-0.218532,1.47E-05,0,-6.28E-06,0.389462
1_2,Cyclic Voltammetry,258.562,-0.217528,-0.217528,1.48E-05,0,-6.28E-06,0.389321
1_2,Cyclic Voltammetry,258.662,-0.216537,-0.216537,1.49E-05,0,-6.28E-06,0.389149
1_2,Cyclic Voltammetry,258.762,-0.215544,-0.215544,1.51E-05,0,-6.28E-06,0.388997
1_2,Cyclic Voltammetry,258.861,-0.214541,-0.214541,1.52E-05,0,-6.28E-06,0.388851
1_2,Cyclic Voltammetry,258.961,-0.213529,-0.213529,1.53E-05,0,-6.28E-06,0.388699
1_2,Cyclic Voltammetry,259.06,-0.212556,-0.212556,1.54E-05,0,-6.27E-06,0.388501
1_2,Cyclic Voltammetry,259.16,-0.211574,-0.211574,1.55E-05,0,-6.27E-06,0.3883
1_2,Cyclic Voltammetry,259.26,-0.210563,-0.210563,1.56E-05,0,-6.27E-06,0.388162
1_2,Cyclic Voltammetry,259.359,-0.209572,-0.209572,1.57E-05,0,-6.27E-06,0.387979
1_2,Cyclic Voltammetry,259.459,-0.208574,-0.208574,1.58E-05,0,-6.27E-06,0.387799
1_2,Cyclic Voltammetry,259.558,-0.207543,-0.207543,1.58E-05,0,-6.27E-06,0.387651
1_2,Cyclic Voltammetry,259.658,-0.206546,-0.206546,1.58E-05,0,-6.27E-06,0.387542
1_2,Cyclic Voltammetry,259.758,-0.205546,-0.205546,1.59E-05,0,-6.27E-06,0.387411
1_2,Cyclic Voltammetry,259.857,-0.204549,-0.204549,1.58E-05,0,-6.27E-06,0.387222
1_2,Cyclic Voltammetry,259.957,-0.203579,-0.203579,1.57E-05,0,-6.27E-06,0.387124
1_2,Cyclic Voltammetry,260.056,-0.202584,-0.202584,1.58E-05,0,-6.27E-06,0.38698
1_2,Cyclic Voltammetry,260.156,-0.20161,-0.20161,1.57E-05,0,-6.27E-06,0.386778
1_2,Cyclic Voltammetry,260.256,-0.200645,-0.200645,1.56E-05,0,-6.27E-06,0.386641
1_2,Cyclic Voltammetry,260.355,-0.19966,-0.19966,1.56E-05,0,-6.27E-06,0.386524
1_2,Cyclic Voltammetry,260.455,-0.198642,-0.198642,1.56E-05,0,-6.27E-06,0.386346
1_2,Cyclic Voltammetry,260.554,-0.197625,-0.197625,1.54E-05,0,-6.27E-06,0.386227
1_2,Cyclic Voltammetry,260.654,-0.196619,-0.196619,1.52E-05,0,-6.27E-06,0.386086
1_2,Cyclic Voltammetry,260.754,-0.195639,-0.195639,1.51E-05,0,-6.27E-06,0.385948
1_2,Cyclic Voltammetry,260.853,-0.194646,-0.194646,1.51E-05,0,-6.27E-06,0.385826
1_2,Cyclic Voltammetry,260.953,-0.19363,-0.19363,1.51E-05,0,-6.27E-06,0.385654
1_2,Cyclic Voltammetry,261.052,-0.192629,-0.192629,1.50E-05,0,-6.27E-06,0.385485
1_2,Cyclic Voltammetry,261.152,-0.191655,-0.191655,1.49E-05,0,-6.27E-06,0.385357
1_2,Cyclic Voltammetry,261.252,-0.190687,-0.190687,1.48E-05,0,-6.27E-06,0.385228
1_2,Cyclic Voltammetry,261.351,-0.189658,-0.189658,1.48E-05,0,-6.26E-06,0.385092
1_2,Cyclic Voltammetry,261.451,-0.18866,-0.18866,1.48E-05,0,-6.26E-06,0.384954
1_2,Cyclic Voltammetry,261.55,-0.187674,-0.187674,1.48E-05,0,-6.26E-06,0.384854
1_2,Cyclic Voltammetry,261.65,-0.186682,-0.186682,1.48E-05,0,-6.26E-06,0.384708
1_2,Cyclic Voltammetry,261.75,-0.185686,-0.185686,1.48E-05,0,-6.26E-06,0.384496
1_2,Cyclic Voltammetry,261.849,-0.184677,-0.184677,1.48E-05,0,-6.26E-06,0.384322
1_2,Cyclic Voltammetry,261.949,-0.18368,-0.18368,1.49E-05,0,-6.26E-06,0.38415
1_2,Cyclic Voltammetry,262.048,-0.182702,-0.182702,1.50E-05,0,-6.26E-06,0.384021
1_2,Cyclic Voltammetry,262.148,-0.181716,-0.181716,1.50E-05,0,-6.26E-06,0.383866
1_2,Cyclic Voltammetry,262.248,-0.180717,-0.180717,1.51E-05,0,-6.26E-06,0.38371
1_2,Cyclic Voltammetry,262.347,-0.179705,-0.179705,1.53E-05,0,-6.26E-06,0.383574
1_2,Cyclic Voltammetry,262.447,-0.178687,-0.178687,1.56E-05,0,-6.26E-06,0.383434
1_2,Cyclic Voltammetry,262.546,-0.177671,-0.177671,1.53E-05,0,-6.26E-06,0.383253
1_2,Cyclic Voltammetry,262.646,-0.17669,-0.17669,1.57E-05,0,-6.26E-06,0.383109
1_2,Cyclic Voltammetry,262.746,-0.175701,-0.175701,1.56E-05,0,-6.26E-06,0.382901
1_2,Cyclic Voltammetry,262.845,-0.174726,-0.174726,1.58E-05,0,-6.26E-06,0.382754
1_2,Cyclic Voltammetry,262.945,-0.173762,-0.173762,1.59E-05,0,-6.26E-06,0.382653
1_2,Cyclic Voltammetry,263.044,-0.172787,-0.172787,1.60E-05,0,-6.26E-06,0.382532
1_2,Cyclic Voltammetry,263.144,-0.171768,-0.171768,1.61E-05,0,-6.26E-06,0.382363
1_2,Cyclic Voltammetry,263.244,-0.170778,-0.170778,1.62E-05,0,-6.26E-06,0.382232
1_2,Cyclic Voltammetry,263.343,-0.169807,-0.169807,1.60E-05,0,-6.26E-06,0.382098
1_2,Cyclic Voltammetry,263.443,-0.168851,-0.168851,1.61E-05,0,-6.26E-06,0.381934
1_2,Cyclic Voltammetry,263.542,-0.167835,-0.167835,1.62E-05,0,-6.26E-06,0.381794
1_2,Cyclic Voltammetry,263.642,-0.166864,-0.166864,1.63E-05,0,-6.26E-06,0.381601
1_2,Cyclic Voltammetry,263.742,-0.165909,-0.165909,1.63E-05,0,-6.25E-06,0.381393
1_2,Cyclic Voltammetry,263.841,-0.16491,-0.16491,1.63E-05,0,-6.25E-06,0.381288
1_2,Cyclic Voltammetry,263.941,-0.163909,-0.163909,1.62E-05,0,-6.25E-06,0.381222
1_2,Cyclic Voltammetry,264.04,-0.162859,-0.162859,1.62E-05,0,-6.25E-06,0.381126
1_2,Cyclic Voltammetry,264.14,-0.161888,-0.161888,1.62E-05,0,-6.25E-06,0.380963
1_2,Cyclic Voltammetry,264.24,-0.160892,-0.160892,1.61E-05,0,-6.25E-06,0.380811
1_2,Cyclic Voltammetry,264.339,-0.159921,-0.159921,1.60E-05,0,-6.25E-06,0.380712
1_2,Cyclic Voltammetry,264.439,-0.158876,-0.158876,1.59E-05,0,-6.25E-06,0.380625
1_2,Cyclic Voltammetry,264.538,-0.157867,-0.157867,1.58E-05,0,-6.25E-06,0.380516
1_2,Cyclic Voltammetry,264.638,-0.156869,-0.156869,1.57E-05,0,-6.25E-06,0.380337
1_2,Cyclic Voltammetry,264.738,-0.155942,-0.155942,1.55E-05,0,-6.25E-06,0.380201
1_2,Cyclic Voltammetry,264.837,-0.154942,-0.154942,1.55E-05,0,-6.25E-06,0.380071
1_2,Cyclic Voltammetry,264.937,-0.153939,-0.153939,1.54E-05,0,-6.25E-06,0.379955
1_2,Cyclic Voltammetry,265.036,-0.152923,-0.152923,1.54E-05,0,-6.25E-06,0.379804
1_2,Cyclic Voltammetry,265.136,-0.151907,-0.151907,1.53E-05,0,-6.25E-06,0.379664
1_2,Cyclic Voltammetry,265.236,-0.150956,-0.150956,1.52E-05,0,-6.25E-06,0.379513
1_2,Cyclic Voltammetry,265.335,-0.14996,-0.14996,1.51E-05,0,-6.25E-06,0.379372
1_2,Cyclic Voltammetry,265.435,-0.148938,-0.148938,1.51E-05,0,-6.25E-06,0.379214
1_2,Cyclic Voltammetry,265.534,-0.147909,-0.147909,1.51E-05,0,-6.25E-06,0.379126
1_2,Cyclic Voltammetry,265.634,-0.146943,-0.146943,1.51E-05,0,-6.25E-06,0.378955
1_2,Cyclic Voltammetry,265.734,-0.145937,-0.145937,1.51E-05,0,-6.25E-06,0.378816
1_2,Cyclic Voltammetry,265.833,-0.144978,-0.144978,1.52E-05,0,-6.25E-06,0.378694
1_2,Cyclic Voltammetry,265.933,-0.143965,-0.143965,1.52E-05,0,-6.25E-06,0.378579
1_2,Cyclic Voltammetry,266.032,-0.14293,-0.14293,1.53E-05,0,-6.24E-06,0.378459
1_2,Cyclic Voltammetry,266.132,-0.141922,-0.141922,1.54E-05,0,-6.24E-06,0.378308
1_2,Cyclic Voltammetry,266.232,-0.140962,-0.140962,1.54E-05,0,-6.24E-06,0.378113
1_2,Cyclic Voltammetry,266.331,-0.139969,-0.139969,1.55E-05,0,-6.24E-06,0.377943
1_2,Cyclic Voltammetry,266.431,-0.139008,-0.139008,1.56E-05,0,-6.24E-06,0.377845
1_2,Cyclic Voltammetry,266.53,-0.138054,-0.138054,1.57E-05,0,-6.24E-06,0.377718
1_2,Cyclic Voltammetry,266.63,-0.137022,-0.137022,1.60E-05,0,-6.24E-06,0.377562
1_2,Cyclic Voltammetry,266.73,-0.136023,-0.136023,1.60E-05,0,-6.24E-06,0.377404
1_2,Cyclic Voltammetry,266.829,-0.135005,-0.135005,1.60E-05,0,-6.24E-06,0.377262
1_2,Cyclic Voltammetry,266.929,-0.13399,-0.13399,1.62E-05,0,-6.24E-06,0.377136
1_2,Cyclic Voltammetry,267.028,-0.132977,-0.132977,1.62E-05,0,-6.24E-06,0.377015
1_2,Cyclic Voltammetry,267.128,-0.132011,-0.132011,1.63E-05,0,-6.24E-06,0.376873
1_2,Cyclic Voltammetry,267.228,-0.130989,-0.130989,1.64E-05,0,-6.24E-06,0.376705
1_2,Cyclic Voltammetry,267.327,-0.130047,-0.130047,1.64E-05,0,-6.24E-06,0.376545
1_2,Cyclic Voltammetry,267.427,-0.129069,-0.129069,1.65E-05,0,-6.24E-06,0.37644
1_2,Cyclic Voltammetry,267.526,-0.12808,-0.12808,1.65E-05,0,-6.24E-06,0.376347
1_2,Cyclic Voltammetry,267.626,-0.127013,-0.127013,1.65E-05,0,-6.24E-06,0.376225
1_2,Cyclic Voltammetry,267.726,-0.126014,-0.126014,1.64E-05,0,-6.24E-06,0.376066
1_2,Cyclic Voltammetry,267.825,-0.125018,-0.125018,1.64E-05,0,-6.24E-06,0.375922
1_2,Cyclic Voltammetry,267.925,-0.124043,-0.124043,1.64E-05,0,-6.24E-06,0.375826
1_2,Cyclic Voltammetry,268.024,-0.123048,-0.123048,1.63E-05,0,-6.24E-06,0.375722
1_2,Cyclic Voltammetry,268.124,-0.122046,-0.122046,1.63E-05,0,-6.24E-06,0.375543
1_2,Cyclic Voltammetry,268.224,-0.121037,-0.121037,1.62E-05,0,-6.23E-06,0.375394
1_2,Cyclic Voltammetry,268.323,-0.120064,-0.120064,1.61E-05,0,-6.23E-06,0.375302
1_2,Cyclic Voltammetry,268.423,-0.119055,-0.119055,1.60E-05,0,-6.23E-06,0.375178
1_2,Cyclic Voltammetry,268.522,-0.118044,-0.118044,1.59E-05,0,-6.23E-06,0.375061
1_2,Cyclic Voltammetry,268.622,-0.117019,-0.117019,1.57E-05,0,-6.23E-06,0.374925
1_2,Cyclic Voltammetry,268.722,-0.116035,-0.116035,1.56E-05,0,-6.23E-06,0.3748
1_2,Cyclic Voltammetry,268.821,-0.115007,-0.115007,1.56E-05,0,-6.23E-06,0.374691
1_2,Cyclic Voltammetry,268.921,-0.114015,-0.114015,1.55E-05,0,-6.23E-06,0.374626
1_2,Cyclic Voltammetry,269.02,-0.11306,-0.11306,1.54E-05,0,-6.23E-06,0.374448
1_2,Cyclic Voltammetry,269.12,-0.112056,-0.112056,1.54E-05,0,-6.23E-06,0.374338
1_2,Cyclic Voltammetry,269.22,-0.111084,-0.111084,1.53E-05,0,-6.23E-06,0.374201
1_2,Cyclic Voltammetry,269.319,-0.110101,-0.110101,1.52E-05,0,-6.23E-06,0.374094
1_2,Cyclic Voltammetry,269.419,-0.109112,-0.109112,1.51E-05,0,-6.23E-06,0.373955
1_2,Cyclic Voltammetry,269.518,-0.1081,-0.1081,1.52E-05,0,-6.23E-06,0.373874
1_2,Cyclic Voltammetry,269.618,-0.107115,-0.107115,1.52E-05,0,-6.23E-06,0.3737
1_2,Cyclic Voltammetry,269.718,-0.106104,-0.106104,1.52E-05,0,-6.23E-06,0.373575
1_2,Cyclic Voltammetry,269.817,-0.10513,-0.10513,1.52E-05,0,-6.23E-06,0.373463
1_2,Cyclic Voltammetry,269.917,-0.104146,-0.104146,1.53E-05,0,-6.23E-06,0.373339
1_2,Cyclic Voltammetry,270.016,-0.103141,-0.103141,1.53E-05,0,-6.23E-06,0.373175
1_2,Cyclic Voltammetry,270.116,-0.102157,-0.102157,1.54E-05,0,-6.23E-06,0.373072
1_2,Cyclic Voltammetry,270.216,-0.101141,-0.101141,1.54E-05,0,-6.23E-06,0.372893
1_2,Cyclic Voltammetry,270.315,-0.100121,-0.100121,1.56E-05,0,-6.23E-06,0.372759
1_2,Cyclic Voltammetry,270.415,-0.0991314,-0.0991314,1.56E-05,0,-6.23E-06,0.372638
1_2,Cyclic Voltammetry,270.514,-0.0981407,-0.0981407,1.58E-05,0,-6.23E-06,0.372488
1_2,Cyclic Voltammetry,270.614,-0.0971349,-0.0971349,1.59E-05,0,-6.22E-06,0.372366
1_2,Cyclic Voltammetry,270.714,-0.0961621,-0.0961621,1.60E-05,0,-6.22E-06,0.372225
1_2,Cyclic Voltammetry,270.813,-0.0951958,-0.0951958,1.60E-05,0,-6.22E-06,0.372086
1_2,Cyclic Voltammetry,270.913,-0.0941756,-0.0941756,1.61E-05,0,-6.22E-06,0.371971
1_2,Cyclic Voltammetry,271.012,-0.0932023,-0.0932023,1.62E-05,0,-6.22E-06,0.371827
1_2,Cyclic Voltammetry,271.112,-0.0922036,-0.0922036,1.62E-05,0,-6.22E-06,0.371682
1_2,Cyclic Voltammetry,271.212,-0.0912093,-0.0912093,1.63E-05,0,-6.22E-06,0.371503
1_2,Cyclic Voltammetry,271.311,-0.0902161,-0.0902161,1.64E-05,0,-6.22E-06,0.371403
1_2,Cyclic Voltammetry,271.411,-0.0892059,-0.0892059,1.64E-05,0,-6.22E-06,0.371336
1_2,Cyclic Voltammetry,271.51,-0.0882081,-0.0882081,1.64E-05,0,-6.22E-06,0.371227
1_2,Cyclic Voltammetry,271.61,-0.0872229,-0.0872229,1.64E-05,0,-6.22E-06,0.371095
1_2,Cyclic Voltammetry,271.71,-0.0862241,-0.0862241,1.63E-05,0,-6.22E-06,0.370924
1_2,Cyclic Voltammetry,271.809,-0.0852124,-0.0852124,1.63E-05,0,-6.22E-06,0.370802
1_2,Cyclic Voltammetry,271.909,-0.0842047,-0.0842047,1.63E-05,0,-6.22E-06,0.370709
1_2,Cyclic Voltammetry,272.008,-0.0832234,-0.0832234,1.62E-05,0,-6.22E-06,0.370615
1_2,Cyclic Voltammetry,272.108,-0.0822022,-0.0822022,1.61E-05,0,-6.22E-06,0.370483
1_2,Cyclic Voltammetry,272.208,-0.0811915,-0.0811915,1.60E-05,0,-6.22E-06,0.370429
1_2,Cyclic Voltammetry,272.307,-0.0802227,-0.0802227,1.59E-05,0,-6.22E-06,0.370293
1_2,Cyclic Voltammetry,272.407,-0.079218,-0.079218,1.58E-05,0,-6.22E-06,0.370138
1_2,Cyclic Voltammetry,272.506,-0.0782731,-0.0782731,1.57E-05,0,-6.22E-06,0.370018
1_2,Cyclic Voltammetry,272.606,-0.0772429,-0.0772429,1.56E-05,0,-6.22E-06,0.369933
1_2,Cyclic Voltammetry,272.706,-0.0762148,-0.0762148,1.55E-05,0,-6.22E-06,0.369799
1_2,Cyclic Voltammetry,272.805,-0.0752484,-0.0752484,1.54E-05,0,-6.21E-06,0.369669
1_2,Cyclic Voltammetry,272.905,-0.0742717,-0.0742717,1.54E-05,0,-6.21E-06,0.369549
1_2,Cyclic Voltammetry,273.004,-0.0732829,-0.0732829,1.52E-05,0,-6.21E-06,0.36946
1_2,Cyclic Voltammetry,273.104,-0.0722831,-0.0722831,1.52E-05,0,-6.21E-06,0.369368
1_2,Cyclic Voltammetry,273.204,-0.071243,-0.071243,1.51E-05,0,-6.21E-06,0.369277
1_2,Cyclic Voltammetry,273.303,-0.0702273,-0.0702273,1.50E-05,0,-6.21E-06,0.369172
1_2,Cyclic Voltammetry,273.403,-0.0692515,-0.0692515,1.50E-05,0,-6.21E-06,0.369018
1_2,Cyclic Voltammetry,273.502,-0.0682672,-0.0682672,1.50E-05,0,-6.21E-06,0.368868
1_2,Cyclic Voltammetry,273.602,-0.0673004,-0.0673004,1.50E-05,0,-6.21E-06,0.368738
1_2,Cyclic Voltammetry,273.702,-0.0662797,-0.0662797,1.50E-05,0,-6.21E-06,0.368661
1_2,Cyclic Voltammetry,273.801,-0.065284,-0.065284,1.50E-05,0,-6.21E-06,0.368526
1_2,Cyclic Voltammetry,273.901,-0.0642823,-0.0642823,1.50E-05,0,-6.21E-06,0.368421
1_2,Cyclic Voltammetry,274,-0.063272,-0.063272,1.51E-05,0,-6.21E-06,0.368299
1_2,Cyclic Voltammetry,274.1,-0.0623242,-0.0623242,1.52E-05,0,-6.21E-06,0.368153
1_2,Cyclic Voltammetry,274.2,-0.0613055,-0.0613055,1.52E-05,0,-6.21E-06,0.368043
1_2,Cyclic Voltammetry,274.299,-0.0603102,-0.0603102,1.53E-05,0,-6.21E-06,0.367857
1_2,Cyclic Voltammetry,274.399,-0.059324,-0.059324,1.54E-05,0,-6.21E-06,0.367669
1_2,Cyclic Voltammetry,274.498,-0.0583786,-0.0583786,1.55E-05,0,-6.21E-06,0.367497
1_2,Cyclic Voltammetry,274.598,-0.0574073,-0.0574073,1.56E-05,0,-6.21E-06,0.367403
1_2,Cyclic Voltammetry,274.698,-0.0563901,-0.0563901,1.57E-05,0,-6.21E-06,0.367343
1_2,Cyclic Voltammetry,274.797,-0.0553435,-0.0553435,1.57E-05,0,-6.21E-06,0.367218
1_2,Cyclic Voltammetry,274.897,-0.0543442,-0.0543442,1.58E-05,0,-6.21E-06,0.367057
1_2,Cyclic Voltammetry,274.996,-0.0533615,-0.0533615,1.59E-05,0,-6.21E-06,0.366942
1_2,Cyclic Voltammetry,275.096,-0.0523562,-0.0523562,1.59E-05,0,-6.21E-06,0.366866
1_2,Cyclic Voltammetry,275.196,-0.051374,-0.051374,1.60E-05,0,-6.20E-06,0.366741
1_2,Cyclic Voltammetry,275.295,-0.0503837,-0.0503837,1.61E-05,0,-6.20E-06,0.366666
1_2,Cyclic Voltammetry,275.395,-0.0493735,-0.0493735,1.61E-05,0,-6.20E-06,0.366539
1_2,Cyclic Voltammetry,275.494,-0.0483782,-0.0483782,1.61E-05,0,-6.20E-06,0.366374
1_2,Cyclic Voltammetry,275.594,-0.0474269,-0.0474269,1.61E-05,0,-6.20E-06,0.366258
1_2,Cyclic Voltammetry,275.694,-0.0464316,-0.0464316,1.61E-05,0,-6.20E-06,0.366214
1_2,Cyclic Voltammetry,275.793,-0.0454344,-0.0454344,1.60E-05,0,-6.20E-06,0.36611
1_2,Cyclic Voltammetry,275.893,-0.0444167,-0.0444167,1.59E-05,0,-6.20E-06,0.365964
1_2,Cyclic Voltammetry,275.992,-0.0433935,-0.0433935,1.60E-05,0,-6.20E-06,0.365841
1_2,Cyclic Voltammetry,276.092,-0.0424008,-0.0424008,1.59E-05,0,-6.20E-06,0.36574
1_2,Cyclic Voltammetry,276.192,-0.0414389,-0.0414389,1.58E-05,0,-6.20E-06,0.36568
1_2,Cyclic Voltammetry,276.291,-0.0404606,-0.0404606,1.57E-05,0,-6.20E-06,0.365583
1_2,Cyclic Voltammetry,276.391,-0.039416,-0.039416,1.56E-05,0,-6.20E-06,0.365452
1_2,Cyclic Voltammetry,276.49,-0.0384083,-0.0384083,1.55E-05,0,-6.20E-06,0.365308
1_2,Cyclic Voltammetry,276.59,-0.0374335,-0.0374335,1.54E-05,0,-6.20E-06,0.365194
1_2,Cyclic Voltammetry,276.69,-0.0364168,-0.0364168,1.53E-05,0,-6.20E-06,0.365124
1_2,Cyclic Voltammetry,276.789,-0.0354315,-0.0354315,1.52E-05,0,-6.20E-06,0.365035
1_2,Cyclic Voltammetry,276.889,-0.0344208,-0.0344208,1.51E-05,0,-6.20E-06,0.364926
1_2,Cyclic Voltammetry,276.988,-0.0333921,-0.0333921,1.50E-05,0,-6.20E-06,0.364815
1_2,Cyclic Voltammetry,277.088,-0.0324348,-0.0324348,1.49E-05,0,-6.20E-06,0.364664
1_2,Cyclic Voltammetry,277.188,-0.031461,-0.031461,1.49E-05,0,-6.20E-06,0.364559
1_2,Cyclic Voltammetry,277.287,-0.0304922,-0.0304922,1.48E-05,0,-6.20E-06,0.364482
1_2,Cyclic Voltammetry,277.387,-0.0294655,-0.0294655,1.47E-05,0,-6.20E-06,0.364371
1_2,Cyclic Voltammetry,277.486,-0.0284917,-0.0284917,1.47E-05,0,-6.19E-06,0.36427
1_2,Cyclic Voltammetry,277.586,-0.0274581,-0.0274581,1.47E-05,0,-6.19E-06,0.364151
1_2,Cyclic Voltammetry,277.686,-0.0264633,-0.0264633,1.47E-05,0,-6.19E-06,0.36401
1_2,Cyclic Voltammetry,277.785,-0.0255035,-0.0255035,1.47E-05,0,-6.19E-06,0.363939
1_2,Cyclic Voltammetry,277.885,-0.0245007,-0.0245007,1.47E-05,0,-6.19E-06,0.363807
1_2,Cyclic Voltammetry,277.984,-0.0235185,-0.0235185,1.48E-05,0,-6.19E-06,0.363675
1_2,Cyclic Voltammetry,278.084,-0.0225252,-0.0225252,1.48E-05,0,-6.19E-06,0.36359
1_2,Cyclic Voltammetry,278.184,-0.0215459,-0.0215459,1.49E-05,0,-6.19E-06,0.363439
1_2,Cyclic Voltammetry,278.283,-0.0205646,-0.0205646,1.49E-05,0,-6.19E-06,0.363315
1_2,Cyclic Voltammetry,278.383,-0.0195824,-0.0195824,1.50E-05,0,-6.19E-06,0.363207
1_2,Cyclic Voltammetry,278.482,-0.0185153,-0.0185153,1.51E-05,0,-6.19E-06,0.363115
1_2,Cyclic Voltammetry,278.582,-0.017538,-0.017538,1.52E-05,0,-6.19E-06,0.362945
1_2,Cyclic Voltammetry,278.682,-0.0165602,-0.0165602,1.53E-05,0,-6.19E-06,0.362803
1_2,Cyclic Voltammetry,278.781,-0.0155804,-0.0155804,1.54E-05,0,-6.19E-06,0.362685
1_2,Cyclic Voltammetry,278.881,-0.0145857,-0.0145857,1.55E-05,0,-6.19E-06,0.362581
1_2,Cyclic Voltammetry,278.98,-0.0136079,-0.0136079,1.55E-05,0,-6.19E-06,0.362513
1_2,Cyclic Voltammetry,279.08,-0.0125837,-0.0125837,1.56E-05,0,-6.19E-06,0.362356
1_2,Cyclic Voltammetry,279.18,-0.011572,-0.011572,1.56E-05,0,-6.19E-06,0.362234
1_2,Cyclic Voltammetry,279.279,-0.0106062,-0.0106062,1.56E-05,0,-6.19E-06,0.362174
1_2,Cyclic Voltammetry,279.379,-0.00959696,-0.00959696,1.57E-05,0,-6.19E-06,0.362052
1_2,Cyclic Voltammetry,279.478,-0.00859223,-0.00859223,1.57E-05,0,-6.19E-06,0.361938
1_2,Cyclic Voltammetry,279.578,-0.00758351,-0.00758351,1.58E-05,0,-6.19E-06,0.361816
1_2,Cyclic Voltammetry,279.678,-0.00658827,-0.00658827,1.58E-05,0,-6.19E-06,0.361696
1_2,Cyclic Voltammetry,279.777,-0.00560998,-0.00560998,1.57E-05,0,-6.19E-06,0.361605
1_2,Cyclic Voltammetry,279.877,-0.00463319,-0.00463319,1.57E-05,0,-6.18E-06,0.361552
1_2,Cyclic Voltammetry,279.976,-0.00364143,-0.00364143,1.56E-05,0,-6.18E-06,0.361421
1_2,Cyclic Voltammetry,280.076,-0.00263271,-0.00263271,1.56E-05,0,-6.18E-06,0.361318
1_2,Cyclic Voltammetry,280.176,-0.00163148,-0.00163148,1.55E-05,0,-6.18E-06,0.361188
1_2,Cyclic Voltammetry,280.275,-0.000647704,-0.000647704,1.55E-05,0,-6.18E-06,0.361125
1_2,Cyclic Voltammetry,280.375,0.000269222,0.000269222,1.51E-05,0,-6.18E-06,0.361012
1_2,Cyclic Voltammetry,280.474,0.00128243,0.00128243,1.52E-05,0,-6.18E-06,0.360926
1_2,Cyclic Voltammetry,280.574,0.00227967,0.00227967,1.51E-05,0,-6.18E-06,0.360792
1_2,Cyclic Voltammetry,280.674,0.00326744,0.00326744,1.50E-05,0,-6.18E-06,0.36064
1_2,Cyclic Voltammetry,280.773,0.0042572,0.0042572,1.49E-05,0,-6.18E-06,0.360571
1_2,Cyclic Voltammetry,280.873,0.00521803,0.00521803,1.48E-05,0,-6.18E-06,0.360515
1_2,Cyclic Voltammetry,280.972,0.00622226,0.00622226,1.48E-05,0,-6.18E-06,0.360453
1_2,Cyclic Voltammetry,281.072,0.00725442,0.00725442,1.47E-05,0,-6.18E-06,0.360389
1_2,Cyclic Voltammetry,281.172,0.00827112,0.00827112,1.46E-05,0,-6.18E-06,0.360233
1_2,Cyclic Voltammetry,281.271,0.00925539,0.00925539,1.45E-05,0,-6.18E-06,0.360082
1_2,Cyclic Voltammetry,281.371,0.0102202,0.0102202,1.45E-05,0,-6.18E-06,0.360037
1_2,Cyclic Voltammetry,281.47,0.0112075,0.0112075,1.44E-05,0,-6.18E-06,0.359949
1_2,Cyclic Voltammetry,281.57,0.0121833,0.0121833,1.43E-05,0,-6.18E-06,0.359841
1_2,Cyclic Voltammetry,281.67,0.0132219,0.0132219,1.43E-05,0,-6.18E-06,0.359711
1_2,Cyclic Voltammetry,281.769,0.0142177,0.0142177,1.43E-05,0,-6.18E-06,0.359576
1_2,Cyclic Voltammetry,281.869,0.0152129,0.0152129,1.43E-05,0,-6.18E-06,0.359483
1_2,Cyclic Voltammetry,281.968,0.0162027,0.0162027,1.44E-05,0,-6.18E-06,0.359392
1_2,Cyclic Voltammetry,282.068,0.0172044,0.0172044,1.44E-05,0,-6.18E-06,0.359305
1_2,Cyclic Voltammetry,282.168,0.0182086,0.0182086,1.44E-05,0,-6.18E-06,0.359119
1_2,Cyclic Voltammetry,282.267,0.0192129,0.0192129,1.44E-05,0,-6.17E-06,0.359006
1_2,Cyclic Voltammetry,282.367,0.0202111,0.0202111,1.45E-05,0,-6.17E-06,0.358898
1_2,Cyclic Voltammetry,282.466,0.021161,0.021161,1.45E-05,0,-6.17E-06,0.358816
1_2,Cyclic Voltammetry,282.566,0.0221657,0.0221657,1.47E-05,0,-6.17E-06,0.358752
1_2,Cyclic Voltammetry,282.666,0.0231849,0.0231849,1.47E-05,0,-6.17E-06,0.358607
1_2,Cyclic Voltammetry,282.765,0.0242031,0.0242031,1.49E-05,0,-6.17E-06,0.358499
1_2,Cyclic Voltammetry,282.865,0.0251799,0.0251799,1.49E-05,0,-6.17E-06,0.358408
1_2,Cyclic Voltammetry,282.964,0.0261746,0.0261746,1.50E-05,0,-6.17E-06,0.358327
1_2,Cyclic Voltammetry,283.064,0.0271649,0.0271649,1.50E-05,0,-6.17E-06,0.358236
1_2,Cyclic Voltammetry,283.164,0.0281342,0.0281342,1.51E-05,0,-6.17E-06,0.358102
1_2,Cyclic Voltammetry,283.263,0.0291793,0.0291793,1.52E-05,0,-6.17E-06,0.357975
1_2,Cyclic Voltammetry,283.363,0.0301566,0.0301566,1.53E-05,0,-6.17E-06,0.357831
1_2,Cyclic Voltammetry,283.462,0.0311154,0.0311154,1.53E-05,0,-6.17E-06,0.357765
1_2,Cyclic Voltammetry,283.562,0.0320922,0.0320922,1.53E-05,0,-6.17E-06,0.3577
1_2,Cyclic Voltammetry,283.662,0.0331094,0.0331094,1.53E-05,0,-6.17E-06,0.35753
1_2,Cyclic Voltammetry,283.761,0.0341296,0.0341296,1.53E-05,0,-6.17E-06,0.357404
1_2,Cyclic Voltammetry,283.861,0.0351368,0.0351368,1.53E-05,0,-6.17E-06,0.357317
1_2,Cyclic Voltammetry,283.96,0.0360867,0.0360867,1.53E-05,0,-6.17E-06,0.357259
1_2,Cyclic Voltammetry,284.06,0.0371039,0.0371039,1.53E-05,0,-6.17E-06,0.35723
1_2,Cyclic Voltammetry,284.16,0.0381031,0.0381031,1.52E-05,0,-6.17E-06,0.357108
1_2,Cyclic Voltammetry,284.259,0.0391228,0.0391228,1.51E-05,0,-6.17E-06,0.356955
1_2,Cyclic Voltammetry,284.359,0.0400881,0.0400881,1.51E-05,0,-6.17E-06,0.356833
1_2,Cyclic Voltammetry,284.458,0.0410919,0.0410919,1.50E-05,0,-6.17E-06,0.356823
1_2,Cyclic Voltammetry,284.558,0.0420487,0.0420487,1.49E-05,0,-6.17E-06,0.356763
1_2,Cyclic Voltammetry,284.658,0.0430499,0.0430499,1.48E-05,0,-6.16E-06,0.356624
1_2,Cyclic Voltammetry,284.757,0.0440592,0.0440592,1.47E-05,0,-6.16E-06,0.356523
1_2,Cyclic Voltammetry,284.857,0.0450629,0.0450629,1.46E-05,0,-6.16E-06,0.356399
1_2,Cyclic Voltammetry,284.956,0.0460636,0.0460636,1.45E-05,0,-6.16E-06,0.356333
1_2,Cyclic Voltammetry,285.056,0.0470544,0.0470544,1.44E-05,0,-6.16E-06,0.35628
1_2,Cyclic Voltammetry,285.156,0.0480411,0.0480411,1.44E-05,0,-6.16E-06,0.356175
1_2,Cyclic Voltammetry,285.255,0.0490808,0.0490808,1.43E-05,0,-6.16E-06,0.356052
1_2,Cyclic Voltammetry,285.355,0.0500621,0.0500621,1.42E-05,0,-6.16E-06,0.355961
1_2,Cyclic Voltammetry,285.454,0.0510778,0.0510778,1.41E-05,0,-6.16E-06,0.355871
1_2,Cyclic Voltammetry,285.554,0.0520376,0.0520376,1.40E-05,0,-6.16E-06,0.355828
1_2,Cyclic Voltammetry,285.654,0.0530344,0.0530344,1.39E-05,0,-6.16E-06,0.355757
1_2,Cyclic Voltammetry,285.753,0.054056,0.054056,1.39E-05,0,-6.16E-06,0.35564
1_2,Cyclic Voltammetry,285.853,0.0550787,0.0550787,1.39E-05,0,-6.16E-06,0.355526
1_2,Cyclic Voltammetry,285.952,0.056067,0.056067,1.39E-05,0,-6.16E-06,0.355456
1_2,Cyclic Voltammetry,286.052,0.0570438,0.0570438,1.39E-05,0,-6.16E-06,0.355396
1_2,Cyclic Voltammetry,286.152,0.0579837,0.0579837,1.40E-05,0,-6.16E-06,0.355271
1_2,Cyclic Voltammetry,286.251,0.0589794,0.0589794,1.40E-05,0,-6.16E-06,0.355156
1_2,Cyclic Voltammetry,286.351,0.0599527,0.0599527,1.40E-05,0,-6.16E-06,0.355031
1_2,Cyclic Voltammetry,286.45,0.0609963,0.0609963,1.41E-05,0,-6.16E-06,0.354893
1_2,Cyclic Voltammetry,286.55,0.062049,0.062049,1.41E-05,0,-6.16E-06,0.35484
1_2,Cyclic Voltammetry,286.65,0.0629923,0.0629923,1.42E-05,0,-6.16E-06,0.354726
1_2,Cyclic Voltammetry,286.749,0.0639706,0.0639706,1.43E-05,0,-6.16E-06,0.354611
1_2,Cyclic Voltammetry,286.849,0.0650008,0.0650008,1.44E-05,0,-6.16E-06,0.354474
1_2,Cyclic Voltammetry,286.948,0.0659726,0.0659726,1.44E-05,0,-6.16E-06,0.35435
1_2,Cyclic Voltammetry,287.048,0.0669653,0.0669653,1.45E-05,0,-6.16E-06,0.354278
1_2,Cyclic Voltammetry,287.148,0.0679347,0.0679347,1.46E-05,0,-6.16E-06,0.35418
1_2,Cyclic Voltammetry,287.247,0.0689254,0.0689254,1.47E-05,0,-6.15E-06,0.354082
1_2,Cyclic Voltammetry,287.347,0.06997,0.06997,1.47E-05,0,-6.15E-06,0.353969
1_2,Cyclic Voltammetry,287.446,0.0709733,0.0709733,1.47E-05,0,-6.15E-06,0.353849
1_2,Cyclic Voltammetry,287.546,0.0720025,0.0720025,1.49E-05,0,-6.15E-06,0.353805
1_2,Cyclic Voltammetry,287.646,0.0729932,0.0729932,1.49E-05,0,-6.15E-06,0.3537
1_2,Cyclic Voltammetry,287.745,0.073972,0.073972,1.49E-05,0,-6.15E-06,0.353543
1_2,Cyclic Voltammetry,287.845,0.0749558,0.0749558,1.49E-05,0,-6.15E-06,0.353419
1_2,Cyclic Voltammetry,287.944,0.075957,0.075957,1.49E-05,0,-6.15E-06,0.353341
1_2,Cyclic Voltammetry,288.044,0.0769343,0.0769343,1.49E-05,0,-6.15E-06,0.353281
1_2,Cyclic Voltammetry,288.144,0.077967,0.077967,1.49E-05,0,-6.15E-06,0.353215
1_2,Cyclic Voltammetry,288.243,0.0789717,0.0789717,1.49E-05,0,-6.15E-06,0.353128
1_2,Cyclic Voltammetry,288.343,0.0799654,0.0799654,1.48E-05,0,-6.15E-06,0.353018
1_2,Cyclic Voltammetry,288.442,0.0809786,0.0809786,1.48E-05,0,-6.15E-06,0.352956
1_2,Cyclic Voltammetry,288.542,0.081947,0.081947,1.47E-05,0,-6.15E-06,0.352918
1_2,Cyclic Voltammetry,288.642,0.0829597,0.0829597,1.46E-05,0,-6.15E-06,0.35286
1_2,Cyclic Voltammetry,288.741,0.0839514,0.0839514,1.46E-05,0,-6.15E-06,0.352782
1_2,Cyclic Voltammetry,288.841,0.0849162,0.0849162,1.45E-05,0,-6.15E-06,0.352643
1_2,Cyclic Voltammetry,288.94,0.0858985,0.0858985,1.43E-05,0,-6.15E-06,0.352528
1_2,Cyclic Voltammetry,289.04,0.0869332,0.0869332,1.42E-05,0,-6.15E-06,0.35248
1_2,Cyclic Voltammetry,289.14,0.0879334,0.0879334,1.41E-05,0,-6.15E-06,0.352431
1_2,Cyclic Voltammetry,289.239,0.0888992,0.0888992,1.40E-05,0,-6.15E-06,0.352345
1_2,Cyclic Voltammetry,289.339,0.0898795,0.0898795,1.40E-05,0,-6.15E-06,0.352192
1_2,Cyclic Voltammetry,289.438,0.0908678,0.0908678,1.39E-05,0,-6.15E-06,0.352119
1_2,Cyclic Voltammetry,289.538,0.0918585,0.0918585,1.38E-05,0,-6.15E-06,0.351983
1_2,Cyclic Voltammetry,289.638,0.0928603,0.0928603,1.38E-05,0,-6.14E-06,0.351924
1_2,Cyclic Voltammetry,289.737,0.0938421,0.0938421,1.36E-05,0,-6.14E-06,0.351822
1_2,Cyclic Voltammetry,289.837,0.0948373,0.0948373,1.36E-05,0,-6.14E-06,0.351736
1_2,Cyclic Voltammetry,289.936,0.0958535,0.0958535,1.36E-05,0,-6.14E-06,0.351647
1_2,Cyclic Voltammetry,290.036,0.0968966,0.0968966,1.36E-05,0,-6.14E-06,0.351576
1_2,Cyclic Voltammetry,290.136,0.0978595,0.0978595,1.35E-05,0,-6.14E-06,0.351517
1_2,Cyclic Voltammetry,290.235,0.0988806,0.0988806,1.36E-05,0,-6.14E-06,0.35146
1_2,Cyclic Voltammetry,290.335,0.0998689,0.0998689,1.36E-05,0,-6.14E-06,0.351351
1_2,Cyclic Voltammetry,290.434,0.100841,0.100841,1.36E-05,0,-6.14E-06,0.351182
1_2,Cyclic Voltammetry,290.534,0.101838,0.101838,1.36E-05,0,-6.14E-06,0.351062
1_2,Cyclic Voltammetry,290.634,0.102835,0.102835,1.36E-05,0,-6.14E-06,0.351019
1_2,Cyclic Voltammetry,290.733,0.103826,0.103826,1.37E-05,0,-6.14E-06,0.350974
1_2,Cyclic Voltammetry,290.833,0.104815,0.104815,1.38E-05,0,-6.14E-06,0.350848
1_2,Cyclic Voltammetry,290.932,0.105804,0.105804,1.39E-05,0,-6.14E-06,0.350719
1_2,Cyclic Voltammetry,291.032,0.106809,0.106809,1.40E-05,0,-6.14E-06,0.350607
1_2,Cyclic Voltammetry,291.132,0.107809,0.107809,1.41E-05,0,-6.14E-06,0.350452
1_2,Cyclic Voltammetry,291.231,0.10881,0.10881,1.42E-05,0,-6.14E-06,0.350357
1_2,Cyclic Voltammetry,291.331,0.109808,0.109808,1.42E-05,0,-6.14E-06,0.350276
1_2,Cyclic Voltammetry,291.43,0.110805,0.110805,1.43E-05,0,-6.14E-06,0.350156
1_2,Cyclic Voltammetry,291.53,0.111797,0.111797,1.44E-05,0,-6.14E-06,0.350063
1_2,Cyclic Voltammetry,291.63,0.112815,0.112815,1.44E-05,0,-6.14E-06,0.349998
1_2,Cyclic Voltammetry,291.729,0.113817,0.113817,1.45E-05,0,-6.14E-06,0.349926
1_2,Cyclic Voltammetry,291.829,0.11479,0.11479,1.46E-05,0,-6.14E-06,0.349847
1_2,Cyclic Voltammetry,291.928,0.115831,0.115831,1.46E-05,0,-6.14E-06,0.349756
1_2,Cyclic Voltammetry,292.028,0.116781,0.116781,1.47E-05,0,-6.14E-06,0.349633
1_2,Cyclic Voltammetry,292.128,0.117791,0.117791,1.47E-05,0,-6.14E-06,0.349566
1_2,Cyclic Voltammetry,292.227,0.118751,0.118751,1.47E-05,0,-6.13E-06,0.34949
1_2,Cyclic Voltammetry,292.327,0.119725,0.119725,1.46E-05,0,-6.13E-06,0.349364
1_2,Cyclic Voltammetry,292.426,0.120767,0.120767,1.46E-05,0,-6.13E-06,0.349283
1_2,Cyclic Voltammetry,292.526,0.121763,0.121763,1.46E-05,0,-6.13E-06,0.349215
1_2,Cyclic Voltammetry,292.626,0.122798,0.122798,1.46E-05,0,-6.13E-06,0.349152
1_2,Cyclic Voltammetry,292.725,0.123801,0.123801,1.45E-05,0,-6.13E-06,0.349099
1_2,Cyclic Voltammetry,292.825,0.124793,0.124793,1.44E-05,0,-6.13E-06,0.348971
1_2,Cyclic Voltammetry,292.924,0.125802,0.125802,1.44E-05,0,-6.13E-06,0.34887
1_2,Cyclic Voltammetry,293.024,0.126817,0.126817,1.43E-05,0,-6.13E-06,0.348792
1_2,Cyclic Voltammetry,293.124,0.127808,0.127808,1.42E-05,0,-6.13E-06,0.348735
1_2,Cyclic Voltammetry,293.223,0.128788,0.128788,1.41E-05,0,-6.13E-06,0.348661
1_2,Cyclic Voltammetry,293.323,0.129749,0.129749,1.39E-05,0,-6.13E-06,0.348598
1_2,Cyclic Voltammetry,293.422,0.13079,0.13079,1.39E-05,0,-6.13E-06,0.348483
1_2,Cyclic Voltammetry,293.522,0.131802,0.131802,1.38E-05,0,-6.13E-06,0.348417
1_2,Cyclic Voltammetry,293.622,0.132806,0.132806,1.37E-05,0,-6.13E-06,0.348355
1_2,Cyclic Voltammetry,293.721,0.133809,0.133809,1.36E-05,0,-6.13E-06,0.348265
1_2,Cyclic Voltammetry,293.821,0.134761,0.134761,1.36E-05,0,-6.13E-06,0.348161
1_2,Cyclic Voltammetry,293.92,0.135746,0.135746,1.35E-05,0,-6.13E-06,0.348025
1_2,Cyclic Voltammetry,294.02,0.136746,0.136746,1.34E-05,0,-6.13E-06,0.34794
1_2,Cyclic Voltammetry,294.12,0.137732,0.137732,1.33E-05,0,-6.13E-06,0.347867
1_2,Cyclic Voltammetry,294.219,0.138715,0.138715,1.32E-05,0,-6.13E-06,0.347847
1_2,Cyclic Voltammetry,294.319,0.139668,0.139668,1.31E-05,0,-6.13E-06,0.347969
1_2,Cyclic Voltammetry,294.418,0.140689,0.140689,1.39E-05,0,-6.13E-06,0.347698
1_2,Cyclic Voltammetry,294.518,0.141697,0.141697,1.35E-05,0,-6.13E-06,0.34755
1_2,Cyclic Voltammetry,294.618,0.142725,0.142725,1.35E-05,0,-6.13E-06,0.347522
1_2,Cyclic Voltammetry,294.717,0.14372,0.14372,1.36E-05,0,-6.13E-06,0.347427
1_2,Cyclic Voltammetry,294.817,0.144695,0.144695,1.36E-05,0,-6.12E-06,0.347277
1_2,Cyclic Voltammetry,294.916,0.145644,0.145644,1.35E-05,0,-6.12E-06,0.347072
1_2,Cyclic Voltammetry,295.016,0.146642,0.146642,1.33E-05,0,-6.12E-06,0.347057
1_2,Cyclic Voltammetry,295.116,0.147704,0.147704,1.35E-05,0,-6.12E-06,0.347014
1_2,Cyclic Voltammetry,295.215,0.148671,0.148671,1.36E-05,0,-6.12E-06,0.346966
1_2,Cyclic Voltammetry,295.315,0.149648,0.149648,1.37E-05,0,-6.12E-06,0.346855
1_2,Cyclic Voltammetry,295.414,0.150642,0.150642,1.38E-05,0,-6.12E-06,0.346732
1_2,Cyclic Voltammetry,295.514,0.151622,0.151622,1.39E-05,0,-6.12E-06,0.346653
1_2,Cyclic Voltammetry,295.614,0.152651,0.152651,1.40E-05,0,-6.12E-06,0.346582
1_2,Cyclic Voltammetry,295.713,0.153678,0.153678,1.41E-05,0,-6.12E-06,0.346447
1_2,Cyclic Voltammetry,295.813,0.154652,0.154652,1.41E-05,0,-6.12E-06,0.346361
1_2,Cyclic Voltammetry,295.912,0.155613,0.155613,1.42E-05,0,-6.12E-06,0.346283
1_2,Cyclic Voltammetry,296.012,0.15663,0.15663,1.43E-05,0,-6.12E-06,0.346164
1_2,Cyclic Voltammetry,296.112,0.157634,0.157634,1.44E-05,0,-6.12E-06,0.346076
1_2,Cyclic Voltammetry,296.211,0.158628,0.158628,1.44E-05,0,-6.12E-06,0.345982
1_2,Cyclic Voltammetry,296.311,0.159644,0.159644,1.44E-05,0,-6.12E-06,0.34592
1_2,Cyclic Voltammetry,296.41,0.160629,0.160629,1.45E-05,0,-6.12E-06,0.345837
1_2,Cyclic Voltammetry,296.51,0.161632,0.161632,1.45E-05,0,-6.12E-06,0.345719
1_2,Cyclic Voltammetry,296.61,0.162672,0.162672,1.45E-05,0,-6.12E-06,0.34563
1_2,Cyclic Voltammetry,296.709,0.163675,0.163675,1.44E-05,0,-6.12E-06,0.345513
1_2,Cyclic Voltammetry,296.809,0.16465,0.16465,1.44E-05,0,-6.12E-06,0.345476
1_2,Cyclic Voltammetry,296.908,0.165626,0.165626,1.44E-05,0,-6.12E-06,0.345434
1_2,Cyclic Voltammetry,297.008,0.166622,0.166622,1.43E-05,0,-6.12E-06,0.345367
1_2,Cyclic Voltammetry,297.108,0.16761,0.16761,1.43E-05,0,-6.12E-06,0.34526
1_2,Cyclic Voltammetry,297.207,0.168624,0.168624,1.42E-05,0,-6.12E-06,0.345154
1_2,Cyclic Voltammetry,297.307,0.169633,0.169633,1.40E-05,0,-6.12E-06,0.345068
1_2,Cyclic Voltammetry,297.406,0.170552,0.170552,1.39E-05,0,-6.11E-06,0.345016
1_2,Cyclic Voltammetry,297.506,0.171534,0.171534,1.39E-05,0,-6.11E-06,0.34492
1_2,Cyclic Voltammetry,297.606,0.172529,0.172529,1.38E-05,0,-6.11E-06,0.344872
1_2,Cyclic Voltammetry,297.705,0.173469,0.173469,1.37E-05,0,-6.11E-06,0.344806
1_2,Cyclic Voltammetry,297.805,0.174469,0.174469,1.37E-05,0,-6.11E-06,0.344746
1_2,Cyclic Voltammetry,297.904,0.175476,0.175476,1.36E-05,0,-6.11E-06,0.344657
1_2,Cyclic Voltammetry,298.004,0.176494,0.176494,1.35E-05,0,-6.11E-06,0.344604
1_2,Cyclic Voltammetry,298.104,0.177485,0.177485,1.34E-05,0,-6.11E-06,0.344558
1_2,Cyclic Voltammetry,298.203,0.178493,0.178493,1.34E-05,0,-6.11E-06,0.344464
1_2,Cyclic Voltammetry,298.303,0.179489,0.179489,1.33E-05,0,-6.11E-06,0.344373
1_2,Cyclic Voltammetry,298.402,0.180508,0.180508,1.32E-05,0,-6.11E-06,0.34427
1_2,Cyclic Voltammetry,298.502,0.181507,0.181507,1.32E-05,0,-6.11E-06,0.344226
1_2,Cyclic Voltammetry,298.602,0.182456,0.182456,1.31E-05,0,-6.11E-06,0.344193
1_2,Cyclic Voltammetry,298.701,0.183453,0.183453,1.32E-05,0,-6.11E-06,0.344172
1_2,Cyclic Voltammetry,298.801,0.18443,0.18443,1.34E-05,0,-6.11E-06,0.344054
1_2,Cyclic Voltammetry,298.9,0.185441,0.185441,1.34E-05,0,-6.11E-06,0.343949
1_2,Cyclic Voltammetry,299,0.186453,0.186453,1.34E-05,0,-6.11E-06,0.34383
1_2,Cyclic Voltammetry,299.1,0.187449,0.187449,1.34E-05,0,-6.11E-06,0.343717
1_2,Cyclic Voltammetry,299.199,0.188446,0.188446,1.34E-05,0,-6.11E-06,0.34362
1_2,Cyclic Voltammetry,299.299,0.189478,0.189478,1.35E-05,0,-6.11E-06,0.343431
1_2,Cyclic Voltammetry,299.398,0.190443,0.190443,1.36E-05,0,-6.11E-06,0.343213
1_2,Cyclic Voltammetry,299.498,0.191427,0.191427,1.34E-05,0,-6.11E-06,0.343195
1_2,Cyclic Voltammetry,299.598,0.192413,0.192413,1.35E-05,0,-6.11E-06,0.343198
1_2,Cyclic Voltammetry,299.697,0.193408,0.193408,1.37E-05,0,-6.11E-06,0.343119
1_2,Cyclic Voltammetry,299.797,0.1944,0.1944,1.38E-05,0,-6.11E-06,0.343045
1_2,Cyclic Voltammetry,299.896,0.195419,0.195419,1.39E-05,0,-6.11E-06,0.342957
1_2,Cyclic Voltammetry,299.996,0.196411,0.196411,1.39E-05,0,-6.10E-06,0.342821
1_2,Cyclic Voltammetry,300.096,0.19739,0.19739,1.40E-05,0,-6.10E-06,0.342752
1_2,Cyclic Voltammetry,300.195,0.19837,0.19837,1.41E-05,0,-6.10E-06,0.342666
1_2,Cyclic Voltammetry,300.295,0.199367,0.199367,1.42E-05,0,-6.10E-06,0.342585
1_2,Cyclic Voltammetry,300.394,0.200337,0.200337,1.43E-05,0,-6.10E-06,0.342504
1_2,Cyclic Voltammetry,300.494,0.201339,0.201339,1.44E-05,0,-6.10E-06,0.342416
1_2,Cyclic Voltammetry,300.594,0.202348,0.202348,1.44E-05,0,-6.10E-06,0.342321
1_2,Cyclic Voltammetry,300.693,0.203344,0.203344,1.44E-05,0,-6.10E-06,0.34228
1_2,Cyclic Voltammetry,300.793,0.204367,0.204367,1.44E-05,0,-6.10E-06,0.342225
1_2,Cyclic Voltammetry,300.892,0.205377,0.205377,1.44E-05,0,-6.10E-06,0.342172
1_2,Cyclic Voltammetry,300.992,0.206358,0.206358,1.44E-05,0,-6.10E-06,0.34207
1_2,Cyclic Voltammetry,301.092,0.207351,0.207351,1.43E-05,0,-6.10E-06,0.341966
1_2,Cyclic Voltammetry,301.191,0.208356,0.208356,1.43E-05,0,-6.10E-06,0.341893
1_2,Cyclic Voltammetry,301.291,0.209325,0.209325,1.43E-05,0,-6.10E-06,0.341844
1_2,Cyclic Voltammetry,301.39,0.210312,0.210312,1.42E-05,0,-6.10E-06,0.341752
1_2,Cyclic Voltammetry,301.49,0.211273,0.211273,1.42E-05,0,-6.10E-06,0.341646
1_2,Cyclic Voltammetry,301.59,0.212269,0.212269,1.41E-05,0,-6.10E-06,0.341563
1_2,Cyclic Voltammetry,301.689,0.21331,0.21331,1.40E-05,0,-6.10E-06,0.341504
1_2,Cyclic Voltammetry,301.789,0.214345,0.214345,1.39E-05,0,-6.10E-06,0.341441
1_2,Cyclic Voltammetry,301.888,0.215304,0.215304,1.38E-05,0,-6.10E-06,0.341406
1_2,Cyclic Voltammetry,301.988,0.216321,0.216321,1.38E-05,0,-6.10E-06,0.341339
1_2,Cyclic Voltammetry,302.088,0.217306,0.217306,1.37E-05,0,-6.10E-06,0.341237
1_2,Cyclic Voltammetry,302.187,0.218257,0.218257,1.36E-05,0,-6.10E-06,0.341177
1_2,Cyclic Voltammetry,302.287,0.219283,0.219283,1.35E-05,0,-6.10E-06,0.341145
1_2,Cyclic Voltammetry,302.386,0.220286,0.220286,1.35E-05,0,-6.10E-06,0.341067
1_2,Cyclic Voltammetry,302.486,0.221293,0.221293,1.34E-05,0,-6.10E-06,0.340979
1_2,Cyclic Voltammetry,302.586,0.222304,0.222304,1.33E-05,0,-6.09E-06,0.340897
1_2,Cyclic Voltammetry,302.685,0.223307,0.223307,1.33E-05,0,-6.09E-06,0.340827
1_2,Cyclic Voltammetry,302.785,0.224321,0.224321,1.32E-05,0,-6.09E-06,0.340734
1_2,Cyclic Voltammetry,302.884,0.225284,0.225284,1.32E-05,0,-6.09E-06,0.340666
1_2,Cyclic Voltammetry,302.984,0.22627,0.22627,1.32E-05,0,-6.09E-06,0.340534
1_2,Cyclic Voltammetry,303.084,0.227205,0.227205,1.32E-05,0,-6.09E-06,0.340458
1_2,Cyclic Voltammetry,303.183,0.228228,0.228228,1.33E-05,0,-6.09E-06,0.340436
1_2,Cyclic Voltammetry,303.283,0.229198,0.229198,1.33E-05,0,-6.09E-06,0.340368
1_2,Cyclic Voltammetry,303.382,0.230247,0.230247,1.33E-05,0,-6.09E-06,0.340285
1_2,Cyclic Voltammetry,303.482,0.231268,0.231268,1.34E-05,0,-6.09E-06,0.340193
1_2,Cyclic Voltammetry,303.582,0.232227,0.232227,1.34E-05,0,-6.09E-06,0.340079
1_2,Cyclic Voltammetry,303.681,0.233205,0.233205,1.35E-05,0,-6.09E-06,0.339958
1_2,Cyclic Voltammetry,303.781,0.234221,0.234221,1.36E-05,0,-6.09E-06,0.339878
1_2,Cyclic Voltammetry,303.88,0.235232,0.235232,1.36E-05,0,-6.09E-06,0.339832
1_2,Cyclic Voltammetry,303.98,0.236171,0.236171,1.38E-05,0,-6.09E-06,0.339734
1_2,Cyclic Voltammetry,304.08,0.237148,0.237148,1.39E-05,0,-6.09E-06,0.339608
1_2,Cyclic Voltammetry,304.179,0.238155,0.238155,1.40E-05,0,-6.09E-06,0.339508
1_2,Cyclic Voltammetry,304.279,0.239179,0.239179,1.40E-05,0,-6.09E-06,0.339406
1_2,Cyclic Voltammetry,304.378,0.240197,0.240197,1.41E-05,0,-6.09E-06,0.339416
1_2,Cyclic Voltammetry,304.478,0.241204,0.241204,1.42E-05,0,-6.09E-06,0.339333
1_2,Cyclic Voltammetry,304.578,0.242159,0.242159,1.42E-05,0,-6.09E-06,0.339223
1_2,Cyclic Voltammetry,304.677,0.243134,0.243134,1.43E-05,0,-6.09E-06,0.339084
1_2,Cyclic Voltammetry,304.777,0.244119,0.244119,1.44E-05,0,-6.09E-06,0.339016
1_2,Cyclic Voltammetry,304.876,0.245132,0.245132,1.45E-05,0,-6.09E-06,0.338974
1_2,Cyclic Voltammetry,304.976,0.246123,0.246123,1.44E-05,0,-6.09E-06,0.338932
1_2,Cyclic Voltammetry,305.076,0.24715,0.24715,1.45E-05,0,-6.09E-06,0.338832
1_2,Cyclic Voltammetry,305.175,0.248127,0.248127,1.45E-05,0,-6.08E-06,0.338715
1_2,Cyclic Voltammetry,305.275,0.249087,0.249087,1.45E-05,0,-6.08E-06,0.338628
1_2,Cyclic Voltammetry,305.374,0.250117,0.250117,1.44E-05,0,-6.08E-06,0.338591
1_2,Cyclic Voltammetry,305.474,0.251116,0.251116,1.44E-05,0,-6.08E-06,0.338533
1_2,Cyclic Voltammetry,305.574,0.252117,0.252117,1.44E-05,0,-6.08E-06,0.338427
1_2,Cyclic Voltammetry,305.673,0.253099,0.253099,1.44E-05,0,-6.08E-06,0.338336
1_2,Cyclic Voltammetry,305.773,0.254076,0.254076,1.43E-05,0,-6.08E-06,0.338279
1_2,Cyclic Voltammetry,305.872,0.255079,0.255079,1.43E-05,0,-6.08E-06,0.338281
1_2,Cyclic Voltammetry,305.972,0.256141,0.256141,1.42E-05,0,-6.08E-06,0.338242
1_2,Cyclic Voltammetry,306.072,0.257129,0.257129,1.41E-05,0,-6.08E-06,0.338167
1_2,Cyclic Voltammetry,306.171,0.258085,0.258085,1.40E-05,0,-6.08E-06,0.338073
1_2,Cyclic Voltammetry,306.271,0.259082,0.259082,1.39E-05,0,-6.08E-06,0.337975
1_2,Cyclic Voltammetry,306.37,0.260066,0.260066,1.38E-05,0,-6.08E-06,0.337908
1_2,Cyclic Voltammetry,306.47,0.261054,0.261054,1.38E-05,0,-6.08E-06,0.337813
1_2,Cyclic Voltammetry,306.57,0.262077,0.262077,1.37E-05,0,-6.08E-06,0.337778
1_2,Cyclic Voltammetry,306.669,0.263029,0.263029,1.37E-05,0,-6.08E-06,0.33769
1_2,Cyclic Voltammetry,306.769,0.26404,0.26404,1.36E-05,0,-6.08E-06,0.337616
1_2,Cyclic Voltammetry,306.868,0.265043,0.265043,1.36E-05,0,-6.08E-06,0.337546
1_2,Cyclic Voltammetry,306.968,0.266061,0.266061,1.35E-05,0,-6.08E-06,0.337475
1_2,Cyclic Voltammetry,307.068,0.267054,0.267054,1.34E-05,0,-6.08E-06,0.33742
1_2,Cyclic Voltammetry,307.167,0.268046,0.268046,1.34E-05,0,-6.08E-06,0.337338
1_2,Cyclic Voltammetry,307.267,0.269062,0.269062,1.34E-05,0,-6.08E-06,0.337211
1_2,Cyclic Voltammetry,307.366,0.270043,0.270043,1.34E-05,0,-6.08E-06,0.337111
1_2,Cyclic Voltammetry,307.466,0.271045,0.271045,1.34E-05,0,-6.08E-06,0.337077
1_2,Cyclic Voltammetry,307.566,0.272002,0.272002,1.35E-05,0,-6.08E-06,0.337043
1_2,Cyclic Voltammetry,307.665,0.273019,0.273019,1.35E-05,0,-6.08E-06,0.336941
1_2,Cyclic Voltammetry,307.765,0.274024,0.274024,1.36E-05,0,-6.08E-06,0.336848
1_2,Cyclic Voltammetry,307.864,0.275008,0.275008,1.36E-05,0,-6.07E-06,0.336792
1_2,Cyclic Voltammetry,307.964,0.276007,0.276007,1.37E-05,0,-6.07E-06,0.336683
1_2,Cyclic Voltammetry,308.064,0.277018,0.277018,1.37E-05,0,-6.07E-06,0.336613
1_2,Cyclic Voltammetry,308.163,0.278005,0.278005,1.38E-05,0,-6.07E-06,0.336546
1_2,Cyclic Voltammetry,308.263,0.278994,0.278994,1.39E-05,0,-6.07E-06,0.336415
1_2,Cyclic Voltammetry,308.362,0.279993,0.279993,1.40E-05,0,-6.07E-06,0.336349
1_2,Cyclic Voltammetry,308.462,0.280967,0.280967,1.41E-05,0,-6.07E-06,0.336294
1_2,Cyclic Voltammetry,308.562,0.281973,0.281973,1.42E-05,0,-6.07E-06,0.336217
1_2,Cyclic Voltammetry,308.661,0.282992,0.282992,1.43E-05,0,-6.07E-06,0.336152
1_2,Cyclic Voltammetry,308.761,0.28398,0.28398,1.44E-05,0,-6.07E-06,0.336033
1_2,Cyclic Voltammetry,308.86,0.284978,0.284978,1.44E-05,0,-6.07E-06,0.335939
1_2,Cyclic Voltammetry,308.96,0.285958,0.285958,1.45E-05,0,-6.07E-06,0.335892
1_2,Cyclic Voltammetry,309.06,0.286938,0.286938,1.46E-05,0,-6.07E-06,0.335788
1_2,Cyclic Voltammetry,309.159,0.287906,0.287906,1.46E-05,0,-6.07E-06,0.335692
1_2,Cyclic Voltammetry,309.259,0.288891,0.288891,1.47E-05,0,-6.07E-06,0.335576
1_2,Cyclic Voltammetry,309.358,0.289868,0.289868,1.47E-05,0,-6.07E-06,0.335525
1_2,Cyclic Voltammetry,309.458,0.290876,0.290876,1.48E-05,0,-6.07E-06,0.335464
1_2,Cyclic Voltammetry,309.558,0.291853,0.291853,1.48E-05,0,-6.07E-06,0.335372
1_2,Cyclic Voltammetry,309.657,0.292837,0.292837,1.47E-05,0,-6.07E-06,0.335319
1_2,Cyclic Voltammetry,309.757,0.293846,0.293846,1.47E-05,0,-6.07E-06,0.335255
1_2,Cyclic Voltammetry,309.856,0.294833,0.294833,1.47E-05,0,-6.07E-06,0.335182
1_2,Cyclic Voltammetry,309.956,0.295842,0.295842,1.47E-05,0,-6.07E-06,0.335101
1_2,Cyclic Voltammetry,310.056,0.296856,0.296856,1.47E-05,0,-6.07E-06,0.335042
1_2,Cyclic Voltammetry,310.155,0.297864,0.297864,1.47E-05,0,-6.07E-06,0.334997
1_2,Cyclic Voltammetry,310.255,0.298837,0.298837,1.46E-05,0,-6.07E-06,0.33492
1_2,Cyclic Voltammetry,310.354,0.299843,0.299843,1.45E-05,0,-6.06E-06,0.334836
1_2,Cyclic Voltammetry,310.454,0.300881,0.300881,1.44E-05,0,-6.06E-06,0.33479
1_2,Cyclic Voltammetry,310.554,0.301877,0.301877,1.44E-05,0,-6.06E-06,0.334746
1_2,Cyclic Voltammetry,310.653,0.302846,0.302846,1.43E-05,0,-6.06E-06,0.334685
1_2,Cyclic Voltammetry,310.753,0.303859,0.303859,1.42E-05,0,-6.06E-06,0.334583
1_2,Cyclic Voltammetry,310.852,0.30485,0.30485,1.42E-05,0,-6.06E-06,0.334458
1_2,Cyclic Voltammetry,310.952,0.305809,0.305809,1.41E-05,0,-6.06E-06,0.334377
1_2,Cyclic Voltammetry,311.052,0.306813,0.306813,1.41E-05,0,-6.06E-06,0.334318
1_2,Cyclic Voltammetry,311.151,0.307804,0.307804,1.40E-05,0,-6.06E-06,0.334297
1_2,Cyclic Voltammetry,311.251,0.308781,0.308781,1.39E-05,0,-6.06E-06,0.334181
1_2,Cyclic Voltammetry,311.35,0.309799,0.309799,1.39E-05,0,-6.06E-06,0.33406
1_2,Cyclic Voltammetry,311.45,0.310777,0.310777,1.38E-05,0,-6.06E-06,0.33402
1_2,Cyclic Voltammetry,311.55,0.311787,0.311787,1.39E-05,0,-6.06E-06,0.333967
1_2,Cyclic Voltammetry,311.649,0.312796,0.312796,1.38E-05,0,-6.06E-06,0.333907
1_2,Cyclic Voltammetry,311.749,0.313802,0.313802,1.38E-05,0,-6.06E-06,0.333823
1_2,Cyclic Voltammetry,311.848,0.314773,0.314773,1.39E-05,0,-6.06E-06,0.333694
1_2,Cyclic Voltammetry,311.948,0.315762,0.315762,1.39E-05,0,-6.06E-06,0.333616
1_2,Cyclic Voltammetry,312.048,0.316745,0.316745,1.39E-05,0,-6.06E-06,0.333549
1_2,Cyclic Voltammetry,312.147,0.317768,0.317768,1.40E-05,0,-6.06E-06,0.33352
1_2,Cyclic Voltammetry,312.247,0.318742,0.318742,1.40E-05,0,-6.06E-06,0.333435
1_2,Cyclic Voltammetry,312.346,0.31971,0.31971,1.41E-05,0,-6.06E-06,0.333329
1_2,Cyclic Voltammetry,312.446,0.320698,0.320698,1.41E-05,0,-6.06E-06,0.333233
1_2,Cyclic Voltammetry,312.546,0.321736,0.321736,1.42E-05,0,-6.06E-06,0.333169
1_2,Cyclic Voltammetry,312.645,0.322751,0.322751,1.43E-05,0,-6.06E-06,0.333107
1_2,Cyclic Voltammetry,312.745,0.323741,0.323741,1.44E-05,0,-6.06E-06,0.332982
1_2,Cyclic Voltammetry,312.844,0.324711,0.324711,1.45E-05,0,-6.05E-06,0.332864
1_2,Cyclic Voltammetry,312.944,0.325679,0.325679,1.46E-05,0,-6.05E-06,0.332805
1_2,Cyclic Voltammetry,313.044,0.326707,0.326707,1.47E-05,0,-6.05E-06,0.332755
1_2,Cyclic Voltammetry,313.143,0.327728,0.327728,1.48E-05,0,-6.05E-06,0.332702
1_2,Cyclic Voltammetry,313.243,0.328731,0.328731,1.48E-05,0,-6.05E-06,0.332609
1_2,Cyclic Voltammetry,313.342,0.329713,0.329713,1.49E-05,0,-6.05E-06,0.33251
1_2,Cyclic Voltammetry,313.442,0.330713,0.330713,1.50E-05,0,-6.05E-06,0.332427
1_2,Cyclic Voltammetry,313.542,0.331737,0.331737,1.51E-05,0,-6.05E-06,0.332338
1_2,Cyclic Voltammetry,313.641,0.332729,0.332729,1.52E-05,0,-6.05E-06,0.332289
1_2,Cyclic Voltammetry,313.741,0.33372,0.33372,1.52E-05,0,-6.05E-06,0.332218
1_2,Cyclic Voltammetry,313.84,0.334688,0.334688,1.53E-05,0,-6.05E-06,0.332113
1_2,Cyclic Voltammetry,313.94,0.335648,0.335648,1.53E-05,0,-6.05E-06,0.33196
1_2,Cyclic Voltammetry,314.04,0.336656,0.336656,1.53E-05,0,-6.05E-06,0.331956
1_2,Cyclic Voltammetry,314.139,0.337691,0.337691,1.53E-05,0,-6.05E-06,0.331908
1_2,Cyclic Voltammetry,314.239,0.338687,0.338687,1.53E-05,0,-6.05E-06,0.331877
1_2,Cyclic Voltammetry,314.338,0.339642,0.339642,1.51E-05,0,-6.05E-06,0.331752
1_2,Cyclic Voltammetry,314.438,0.340577,0.340577,1.51E-05,0,-6.05E-06,0.331684
1_2,Cyclic Voltammetry,314.538,0.341543,0.341543,1.52E-05,0,-6.05E-06,0.331587
1_2,Cyclic Voltammetry,314.637,0.342574,0.342574,1.51E-05,0,-6.05E-06,0.331579
1_2,Cyclic Voltammetry,314.737,0.34357,0.34357,1.51E-05,0,-6.05E-06,0.331488
1_2,Cyclic Voltammetry,314.836,0.34453,0.34453,1.50E-05,0,-6.05E-06,0.331377
1_2,Cyclic Voltammetry,314.936,0.345554,0.345554,1.49E-05,0,-6.05E-06,0.33131
1_2,Cyclic Voltammetry,315.036,0.346539,0.346539,1.49E-05,0,-6.05E-06,0.331264
1_2,Cyclic Voltammetry,315.135,0.34755,0.34755,1.48E-05,0,-6.05E-06,0.331252
1_2,Cyclic Voltammetry,315.235,0.34855,0.34855,1.48E-05,0,-6.04E-06,0.331224
1_2,Cyclic Voltammetry,315.334,0.349518,0.349518,1.47E-05,0,-6.04E-06,0.3311
1_2,Cyclic Voltammetry,315.434,0.350491,0.350491,1.47E-05,0,-6.04E-06,0.330986
1_2,Cyclic Voltammetry,315.534,0.351446,0.351446,1.46E-05,0,-6.04E-06,0.330899
1_2,Cyclic Voltammetry,315.633,0.352455,0.352455,1.46E-05,0,-6.04E-06,0.330871
1_2,Cyclic Voltammetry,315.733,0.353492,0.353492,1.45E-05,0,-6.04E-06,0.330831
1_2,Cyclic Voltammetry,315.832,0.354515,0.354515,1.45E-05,0,-6.04E-06,0.330766
1_2,Cyclic Voltammetry,315.932,0.355478,0.355478,1.45E-05,0,-6.04E-06,0.330663
1_2,Cyclic Voltammetry,316.032,0.356508,0.356508,1.45E-05,0,-6.04E-06,0.330574
1_2,Cyclic Voltammetry,316.131,0.357462,0.357462,1.45E-05,0,-6.04E-06,0.330502
1_2,Cyclic Voltammetry,316.231,0.358473,0.358473,1.45E-05,0,-6.04E-06,0.330454
1_2,Cyclic Voltammetry,316.33,0.35949,0.35949,1.45E-05,0,-6.04E-06,0.330362
1_2,Cyclic Voltammetry,316.43,0.360482,0.360482,1.46E-05,0,-6.04E-06,0.330276
1_2,Cyclic Voltammetry,316.53,0.361473,0.361473,1.46E-05,0,-6.04E-06,0.330177
1_2,Cyclic Voltammetry,316.629,0.362444,0.362444,1.47E-05,0,-6.04E-06,0.330146
1_2,Cyclic Voltammetry,316.729,0.363512,0.363512,1.48E-05,0,-6.04E-06,0.330088
1_2,Cyclic Voltammetry,316.828,0.364541,0.364541,1.48E-05,0,-6.04E-06,0.330008
1_2,Cyclic Voltammetry,316.928,0.365519,0.365519,1.49E-05,0,-6.04E-06,0.329879
1_2,Cyclic Voltammetry,317.028,0.366512,0.366512,1.50E-05,0,-6.04E-06,0.32974
1_2,Cyclic Voltammetry,317.127,0.367502,0.367502,1.51E-05,0,-6.04E-06,0.329647
1_2,Cyclic Voltammetry,317.227,0.368474,0.368474,1.52E-05,0,-6.04E-06,0.329597
1_2,Cyclic Voltammetry,317.326,0.369482,0.369482,1.54E-05,0,-6.04E-06,0.329546
1_2,Cyclic Voltammetry,317.426,0.370493,0.370493,1.55E-05,0,-6.04E-06,0.329471
1_2,Cyclic Voltammetry,317.526,0.371493,0.371493,1.55E-05,0,-6.04E-06,0.329341
1_2,Cyclic Voltammetry,317.625,0.372475,0.372475,1.56E-05,0,-6.04E-06,0.329241
1_2,Cyclic Voltammetry,317.725,0.373491,0.373491,1.57E-05,0,-6.03E-06,0.32914
1_2,Cyclic Voltammetry,317.824,0.374466,0.374466,1.58E-05,0,-6.03E-06,0.329079
1_2,Cyclic Voltammetry,317.924,0.375489,0.375489,1.59E-05,0,-6.03E-06,0.328994
1_2,Cyclic Voltammetry,318.024,0.376461,0.376461,1.59E-05,0,-6.03E-06,0.32889
1_2,Cyclic Voltammetry,318.123,0.377427,0.377427,1.60E-05,0,-6.03E-06,0.328792
1_2,Cyclic Voltammetry,318.223,0.378399,0.378399,1.61E-05,0,-6.03E-06,0.32876
1_2,Cyclic Voltammetry,318.322,0.37943,0.37943,1.61E-05,0,-6.03E-06,0.328732
1_2,Cyclic Voltammetry,318.422,0.380442,0.380442,1.61E-05,0,-6.03E-06,0.328652
1_2,Cyclic Voltammetry,318.522,0.381452,0.381452,1.61E-05,0,-6.03E-06,0.328586
1_2,Cyclic Voltammetry,318.621,0.382448,0.382448,1.61E-05,0,-6.03E-06,0.328511
1_2,Cyclic Voltammetry,318.721,0.383414,0.383414,1.61E-05,0,-6.03E-06,0.328453
1_2,Cyclic Voltammetry,318.82,0.384444,0.384444,1.61E-05,0,-6.03E-06,0.328456
1_2,Cyclic Voltammetry,318.92,0.385437,0.385437,1.60E-05,0,-6.03E-06,0.328393
1_2,Cyclic Voltammetry,319.02,0.386445,0.386445,1.60E-05,0,-6.03E-06,0.328291
1_2,Cyclic Voltammetry,319.119,0.387393,0.387393,1.60E-05,0,-6.03E-06,0.328207
1_2,Cyclic Voltammetry,319.219,0.388384,0.388384,1.59E-05,0,-6.03E-06,0.328163
1_2,Cyclic Voltammetry,319.318,0.38942,0.38942,1.59E-05,0,-6.03E-06,0.328141
1_2,Cyclic Voltammetry,319.418,0.390413,0.390413,1.58E-05,0,-6.03E-06,0.328076
1_2,Cyclic Voltammetry,319.518,0.391466,0.391466,1.58E-05,0,-6.03E-06,0.327954
1_2,Cyclic Voltammetry,319.617,0.392419,0.392419,1.57E-05,0,-6.03E-06,0.32781
1_2,Cyclic Voltammetry,319.717,0.39339,0.39339,1.56E-05,0,-6.03E-06,0.327735
1_2,Cyclic Voltammetry,319.816,0.39438,0.39438,1.56E-05,0,-6.03E-06,0.32771
1_2,Cyclic Voltammetry,319.916,0.395374,0.395374,1.56E-05,0,-6.03E-06,0.327696
1_2,Cyclic Voltammetry,320.016,0.396363,0.396363,1.55E-05,0,-6.02E-06,0.327608
1_2,Cyclic Voltammetry,320.115,0.397362,0.397362,1.55E-05,0,-6.02E-06,0.32751
1_2,Cyclic Voltammetry,320.215,0.398344,0.398344,1.55E-05,0,-6.02E-06,0.327397
1_2,Cyclic Voltammetry,320.314,0.399345,0.399345,1.55E-05,0,-6.02E-06,0.327369
1_2,Cyclic Voltammetry,320.414,0.400367,0.400367,1.55E-05,0,-6.02E-06,0.327327
1_2,Cyclic Voltammetry,320.514,0.401374,0.401374,1.55E-05,0,-6.02E-06,0.327208
1_2,Cyclic Voltammetry,320.613,0.402356,0.402356,1.56E-05,0,-6.02E-06,0.327064
1_2,Cyclic Voltammetry,320.713,0.403331,0.403331,1.56E-05,0,-6.02E-06,0.326988
1_2,Cyclic Voltammetry,320.812,0.404337,0.404337,1.57E-05,0,-6.02E-06,0.327012
1_2,Cyclic Voltammetry,320.912,0.405295,0.405295,1.57E-05,0,-6.02E-06,0.326929
1_2,Cyclic Voltammetry,321.012,0.40637,0.40637,1.58E-05,0,-6.02E-06,0.326843
1_2,Cyclic Voltammetry,321.111,0.407419,0.407419,1.59E-05,0,-6.02E-06,0.326713
1_2,Cyclic Voltammetry,321.211,0.408366,0.408366,1.59E-05,0,-6.02E-06,0.326609
1_2,Cyclic Voltammetry,321.31,0.40936,0.40936,1.60E-05,0,-6.02E-06,0.326504
1_2,Cyclic Voltammetry,321.41,0.410342,0.410342,1.61E-05,0,-6.02E-06,0.326504
1_2,Cyclic Voltammetry,321.51,0.411378,0.411378,1.63E-05,0,-6.02E-06,0.326397
1_2,Cyclic Voltammetry,321.609,0.412351,0.412351,1.64E-05,0,-6.02E-06,0.326278
1_2,Cyclic Voltammetry,321.709,0.413311,0.413311,1.65E-05,0,-6.02E-06,0.326207
1_2,Cyclic Voltammetry,321.808,0.414291,0.414291,1.66E-05,0,-6.02E-06,0.326131
1_2,Cyclic Voltammetry,321.908,0.415314,0.415314,1.67E-05,0,-6.02E-06,0.326066
1_2,Cyclic Voltammetry,322.008,0.416356,0.416356,1.68E-05,0,-6.02E-06,0.326006
1_2,Cyclic Voltammetry,322.107,0.417349,0.417349,1.69E-05,0,-6.02E-06,0.325883
1_2,Cyclic Voltammetry,322.207,0.418324,0.418324,1.70E-05,0,-6.01E-06,0.325812
1_2,Cyclic Voltammetry,322.306,0.419295,0.419295,1.71E-05,0,-6.01E-06,0.325701
1_2,Cyclic Voltammetry,322.406,0.420266,0.420266,1.71E-05,0,-6.01E-06,0.325711
1_2,Cyclic Voltammetry,322.506,0.421263,0.421263,1.72E-05,0,-6.01E-06,0.325636
1_2,Cyclic Voltammetry,322.605,0.422276,0.422276,1.73E-05,0,-6.01E-06,0.325552
1_2,Cyclic Voltammetry,322.705,0.423274,0.423274,1.73E-05,0,-6.01E-06,0.325446
1_2,Cyclic Voltammetry,322.804,0.424284,0.424284,1.73E-05,0,-6.01E-06,0.325339
1_2,Cyclic Voltammetry,322.904,0.425308,0.425308,1.73E-05,0,-6.01E-06,0.325295
1_2,Cyclic Voltammetry,323.004,0.426307,0.426307,1.73E-05,0,-6.01E-06,0.325307
1_2,Cyclic Voltammetry,323.103,0.427301,0.427301,1.73E-05,0,-6.01E-06,0.325205
1_2,Cyclic Voltammetry,323.203,0.428306,0.428306,1.73E-05,0,-6.01E-06,0.325069
1_2,Cyclic Voltammetry,323.302,0.429264,0.429264,1.73E-05,0,-6.01E-06,0.324964
1_2,Cyclic Voltammetry,323.402,0.430239,0.430239,1.73E-05,0,-6.01E-06,0.324932
1_2,Cyclic Voltammetry,323.502,0.431262,0.431262,1.72E-05,0,-6.01E-06,0.324921
1_2,Cyclic Voltammetry,323.601,0.432277,0.432277,1.72E-05,0,-6.01E-06,0.324859
1_2,Cyclic Voltammetry,323.701,0.433222,0.433222,1.71E-05,0,-6.01E-06,0.32467
1_2,Cyclic Voltammetry,323.8,0.43426,0.43426,1.71E-05,0,-6.01E-06,0.324617
1_2,Cyclic Voltammetry,323.9,0.435218,0.435218,1.70E-05,0,-6.01E-06,0.324593
1_2,Cyclic Voltammetry,324,0.436213,0.436213,1.70E-05,0,-6.01E-06,0.32455
1_2,Cyclic Voltammetry,324.099,0.43726,0.43726,1.69E-05,0,-6.01E-06,0.324477
1_2,Cyclic Voltammetry,324.199,0.438258,0.438258,1.69E-05,0,-6.01E-06,0.324384
1_2,Cyclic Voltammetry,324.298,0.439253,0.439253,1.69E-05,0,-6.00E-06,0.324301
1_2,Cyclic Voltammetry,324.398,0.44022,0.44022,1.68E-05,0,-6.00E-06,0.324247
1_2,Cyclic Voltammetry,324.498,0.441258,0.441258,1.68E-05,0,-6.00E-06,0.324217
1_2,Cyclic Voltammetry,324.597,0.442253,0.442253,1.68E-05,0,-6.00E-06,0.324193
1_2,Cyclic Voltammetry,324.697,0.44328,0.44328,1.67E-05,0,-6.00E-06,0.324076
1_2,Cyclic Voltammetry,324.796,0.444268,0.444268,1.68E-05,0,-6.00E-06,0.323996
1_2,Cyclic Voltammetry,324.896,0.445235,0.445235,1.68E-05,0,-6.00E-06,0.323891
1_2,Cyclic Voltammetry,324.996,0.446247,0.446247,1.68E-05,0,-6.00E-06,0.323788
1_2,Cyclic Voltammetry,325.095,0.447242,0.447242,1.68E-05,0,-6.00E-06,0.323724
1_2,Cyclic Voltammetry,325.195,0.448207,0.448207,1.69E-05,0,-6.00E-06,0.323623
1_2,Cyclic Voltammetry,325.294,0.449234,0.449234,1.70E-05,0,-6.00E-06,0.323536
1_2,Cyclic Voltammetry,325.394,0.450238,0.450238,1.70E-05,0,-6.00E-06,0.323445
1_2,Cyclic Voltammetry,325.494,0.451218,0.451218,1.71E-05,0,-6.00E-06,0.323334
1_2,Cyclic Voltammetry,325.593,0.452226,0.452226,1.71E-05,0,-6.00E-06,0.32331
1_2,Cyclic Voltammetry,325.693,0.453212,0.453212,1.72E-05,0,-6.00E-06,0.323212
1_2,Cyclic Voltammetry,325.792,0.454186,0.454186,1.73E-05,0,-6.00E-06,0.323048
1_2,Cyclic Voltammetry,325.892,0.455192,0.455192,1.74E-05,0,-6.00E-06,0.322937
1_2,Cyclic Voltammetry,325.992,0.456176,0.456176,1.75E-05,0,-6.00E-06,0.322887
1_2,Cyclic Voltammetry,326.091,0.457157,0.457157,1.76E-05,0,-6.00E-06,0.322871
1_2,Cyclic Voltammetry,326.191,0.45815,0.45815,1.77E-05,0,-6.00E-06,0.322789
1_2,Cyclic Voltammetry,326.29,0.459158,0.459158,1.78E-05,0,-6.00E-06,0.322714
1_2,Cyclic Voltammetry,326.39,0.460191,0.460191,1.79E-05,0,-5.99E-06,0.322579
1_2,Cyclic Voltammetry,326.49,0.46117,0.46117,1.80E-05,0,-5.99E-06,0.322511
1_2,Cyclic Voltammetry,326.589,0.462192,0.462192,1.80E-05,0,-5.99E-06,0.322468
1_2,Cyclic Voltammetry,326.689,0.463159,0.463159,1.81E-05,0,-5.99E-06,0.322412
1_2,Cyclic Voltammetry,326.788,0.464164,0.464164,1.82E-05,0,-5.99E-06,0.322267
1_2,Cyclic Voltammetry,326.888,0.465202,0.465202,1.82E-05,0,-5.99E-06,0.322186
1_2,Cyclic Voltammetry,326.988,0.466154,0.466154,1.83E-05,0,-5.99E-06,0.322101
1_2,Cyclic Voltammetry,327.087,0.467138,0.467138,1.83E-05,0,-5.99E-06,0.32205
1_2,Cyclic Voltammetry,327.187,0.468155,0.468155,1.83E-05,0,-5.99E-06,0.321974
1_2,Cyclic Voltammetry,327.286,0.469127,0.469127,1.83E-05,0,-5.99E-06,0.321914
1_2,Cyclic Voltammetry,327.386,0.470144,0.470144,1.83E-05,0,-5.99E-06,0.321851
1_2,Cyclic Voltammetry,327.486,0.471179,0.471179,1.83E-05,0,-5.99E-06,0.321771
1_2,Cyclic Voltammetry,327.585,0.472161,0.472161,1.83E-05,0,-5.99E-06,0.321731
1_2,Cyclic Voltammetry,327.685,0.47316,0.47316,1.82E-05,0,-5.99E-06,0.321641
1_2,Cyclic Voltammetry,327.784,0.474159,0.474159,1.82E-05,0,-5.99E-06,0.321629
1_2,Cyclic Voltammetry,327.884,0.475137,0.475137,1.82E-05,0,-5.99E-06,0.321541
1_2,Cyclic Voltammetry,327.984,0.47612,0.47612,1.81E-05,0,-5.99E-06,0.321449
1_2,Cyclic Voltammetry,328.083,0.477144,0.477144,1.80E-05,0,-5.99E-06,0.321359
1_2,Cyclic Voltammetry,328.183,0.478137,0.478137,1.80E-05,0,-5.99E-06,0.321293
1_2,Cyclic Voltammetry,328.282,0.47914,0.47914,1.79E-05,0,-5.99E-06,0.321235
1_2,Cyclic Voltammetry,328.382,0.480132,0.480132,1.78E-05,0,-5.98E-06,0.321168
1_2,Cyclic Voltammetry,328.482,0.481128,0.481128,1.78E-05,0,-5.98E-06,0.321074
1_2,Cyclic Voltammetry,328.581,0.482101,0.482101,1.77E-05,0,-5.98E-06,0.320978
1_2,Cyclic Voltammetry,328.681,0.483119,0.483119,1.77E-05,0,-5.98E-06,0.320933
1_2,Cyclic Voltammetry,328.78,0.484067,0.484067,1.76E-05,0,-5.98E-06,0.320878
1_2,Cyclic Voltammetry,328.88,0.485053,0.485053,1.76E-05,0,-5.98E-06,0.320771
1_2,Cyclic Voltammetry,328.98,0.486071,0.486071,1.75E-05,0,-5.98E-06,0.320712
1_2,Cyclic Voltammetry,329.079,0.487069,0.487069,1.75E-05,0,-5.98E-06,0.320649
1_2,Cyclic Voltammetry,329.179,0.488055,0.488055,1.74E-05,0,-5.98E-06,0.320614
1_2,Cyclic Voltammetry,329.278,0.489099,0.489099,1.75E-05,0,-5.98E-06,0.320493
1_2,Cyclic Voltammetry,329.378,0.490098,0.490098,1.75E-05,0,-5.98E-06,0.320404
1_2,Cyclic Voltammetry,329.478,0.491091,0.491091,1.75E-05,0,-5.98E-06,0.320322
1_2,Cyclic Voltammetry,329.577,0.492073,0.492073,1.75E-05,0,-5.98E-06,0.320253
1_2,Cyclic Voltammetry,329.677,0.493056,0.493056,1.76E-05,0,-5.98E-06,0.320189
1_2,Cyclic Voltammetry,329.776,0.494073,0.494073,1.76E-05,0,-5.98E-06,0.32012
1_2,Cyclic Voltammetry,329.876,0.495074,0.495074,1.77E-05,0,-5.98E-06,0.32001
1_2,Cyclic Voltammetry,329.976,0.496049,0.496049,1.77E-05,0,-5.98E-06,0.319922
1_2,Cyclic Voltammetry,330.075,0.497045,0.497045,1.78E-05,0,-5.98E-06,0.319841
1_2,Cyclic Voltammetry,330.175,0.498034,0.498034,1.79E-05,0,-5.98E-06,0.319725
1_2,Cyclic Voltammetry,330.274,0.499035,0.499035,1.80E-05,0,-5.98E-06,0.319692
1_2,Cyclic Voltammetry,330.374,0.500032,0.500032,1.81E-05,0,-5.98E-06,0.319589
1_2,Cyclic Voltammetry,330.474,0.501044,0.501044,1.82E-05,0,-5.97E-06,0.319497
1_2,Cyclic Voltammetry,330.573,0.50201,0.50201,1.83E-05,0,-5.97E-06,0.319426
1_2,Cyclic Voltammetry,330.673,0.503013,0.503013,1.84E-05,0,-5.97E-06,0.319398
1_2,Cyclic Voltammetry,330.772,0.504049,0.504049,1.85E-05,0,-5.97E-06,0.319325
1_2,Cyclic Voltammetry,330.872,0.505059,0.505059,1.85E-05,0,-5.97E-06,0.31922
1_2,Cyclic Voltammetry,330.972,0.506048,0.506048,1.86E-05,0,-5.97E-06,0.319138
1_2,Cyclic Voltammetry,331.071,0.507006,0.507006,1.87E-05,0,-5.97E-06,0.319038
1_2,Cyclic Voltammetry,331.171,0.508025,0.508025,1.88E-05,0,-5.97E-06,0.318961
1_2,Cyclic Voltammetry,331.27,0.509014,0.509014,1.89E-05,0,-5.97E-06,0.318884
1_2,Cyclic Voltammetry,331.37,0.509951,0.509951,1.88E-05,0,-5.97E-06,0.318773
1_2,Cyclic Voltammetry,331.47,0.510903,0.510903,1.90E-05,0,-5.97E-06,0.318691
1_2,Cyclic Voltammetry,331.569,0.511873,0.511873,1.90E-05,0,-5.97E-06,0.318629
1_2,Cyclic Voltammetry,331.669,0.512897,0.512897,1.91E-05,0,-5.97E-06,0.31858
1_2,Cyclic Voltammetry,331.768,0.513911,0.513911,1.91E-05,0,-5.97E-06,0.318477
1_2,Cyclic Voltammetry,331.868,0.514923,0.514923,1.91E-05,0,-5.97E-06,0.318404
1_2,Cyclic Voltammetry,331.968,0.515915,0.515915,1.91E-05,0,-5.97E-06,0.318352
1_2,Cyclic Voltammetry,332.067,0.516922,0.516922,1.91E-05,0,-5.97E-06,0.318257
1_2,Cyclic Voltammetry,332.167,0.517887,0.517887,1.91E-05,0,-5.97E-06,0.318209
1_2,Cyclic Voltammetry,332.266,0.518923,0.518923,1.91E-05,0,-5.97E-06,0.318167
1_2,Cyclic Voltammetry,332.366,0.51993,0.51993,1.91E-05,0,-5.96E-06,0.318105
1_2,Cyclic Voltammetry,332.466,0.520919,0.520919,1.91E-05,0,-5.96E-06,0.318051
1_2,Cyclic Voltammetry,332.565,0.521896,0.521896,1.90E-05,0,-5.96E-06,0.318009
1_2,Cyclic Voltammetry,332.665,0.522871,0.522871,1.90E-05,0,-5.96E-06,0.317938
1_2,Cyclic Voltammetry,332.764,0.523894,0.523894,1.89E-05,0,-5.96E-06,0.317851
1_2,Cyclic Voltammetry,332.864,0.524909,0.524909,1.89E-05,0,-5.96E-06,0.317751
1_2,Cyclic Voltammetry,332.964,0.525922,0.525922,1.89E-05,0,-5.96E-06,0.317656
1_2,Cyclic Voltammetry,333.063,0.526861,0.526861,1.89E-05,0,-5.96E-06,0.317582
1_2,Cyclic Voltammetry,333.163,0.52783,0.52783,1.88E-05,0,-5.96E-06,0.317552
1_2,Cyclic Voltammetry,333.262,0.528802,0.528802,1.88E-05,0,-5.96E-06,0.317461
1_2,Cyclic Voltammetry,333.362,0.529799,0.529799,1.88E-05,0,-5.96E-06,0.31736
1_2,Cyclic Voltammetry,333.462,0.530847,0.530847,1.88E-05,0,-5.96E-06,0.31725
1_2,Cyclic Voltammetry,333.561,0.531866,0.531866,1.88E-05,0,-5.96E-06,0.317219
1_2,Cyclic Voltammetry,333.661,0.532853,0.532853,1.88E-05,0,-5.96E-06,0.317184
1_2,Cyclic Voltammetry,333.76,0.533825,0.533825,1.88E-05,0,-5.96E-06,0.317096
1_2,Cyclic Voltammetry,333.86,0.534845,0.534845,1.88E-05,0,-5.96E-06,0.31699
1_2,Cyclic Voltammetry,333.96,0.535845,0.535845,1.89E-05,0,-5.96E-06,0.316869
1_2,Cyclic Voltammetry,334.059,0.536807,0.536807,1.89E-05,0,-5.96E-06,0.316818
1_2,Cyclic Voltammetry,334.159,0.537785,0.537785,1.90E-05,0,-5.96E-06,0.316734
1_2,Cyclic Voltammetry,334.258,0.538752,0.538752,1.91E-05,0,-5.95E-06,0.3167
1_2,Cyclic Voltammetry,334.358,0.539781,0.539781,1.92E-05,0,-5.95E-06,0.316586
1_2,Cyclic Voltammetry,334.458,0.540811,0.540811,1.93E-05,0,-5.95E-06,0.316472
1_2,Cyclic Voltammetry,334.557,0.541811,0.541811,1.94E-05,0,-5.95E-06,0.316399
1_2,Cyclic Voltammetry,334.657,0.542772,0.542772,1.95E-05,0,-5.95E-06,0.316316
1_2,Cyclic Voltammetry,334.756,0.543742,0.543742,1.96E-05,0,-5.95E-06,0.316207
1_2,Cyclic Voltammetry,334.856,0.544728,0.544728,1.97E-05,0,-5.95E-06,0.316134
1_2,Cyclic Voltammetry,334.956,0.545758,0.545758,1.99E-05,0,-5.95E-06,0.316037
1_2,Cyclic Voltammetry,335.055,0.546759,0.546759,2.00E-05,0,-5.95E-06,0.315931
1_2,Cyclic Voltammetry,335.155,0.547729,0.547729,2.01E-05,0,-5.95E-06,0.315886
1_2,Cyclic Voltammetry,335.254,0.548723,0.548723,2.02E-05,0,-5.95E-06,0.315848
1_2,Cyclic Voltammetry,335.354,0.549721,0.549721,2.04E-05,0,-5.95E-06,0.31575
1_2,Cyclic Voltammetry,335.454,0.55071,0.55071,2.05E-05,0,-5.95E-06,0.315617
1_2,Cyclic Voltammetry,335.553,0.551726,0.551726,2.06E-05,0,-5.95E-06,0.315532
1_2,Cyclic Voltammetry,335.653,0.552732,0.552732,2.07E-05,0,-5.95E-06,0.315441
1_2,Cyclic Voltammetry,335.752,0.553721,0.553721,2.08E-05,0,-5.95E-06,0.315397
1_2,Cyclic Voltammetry,335.852,0.554692,0.554692,2.09E-05,0,-5.95E-06,0.315293
1_2,Cyclic Voltammetry,335.952,0.555717,0.555717,2.10E-05,0,-5.95E-06,0.315204
1_2,Cyclic Voltammetry,336.051,0.556725,0.556725,2.11E-05,0,-5.94E-06,0.315131
1_2,Cyclic Voltammetry,336.151,0.55773,0.55773,2.11E-05,0,-5.94E-06,0.315053
1_2,Cyclic Voltammetry,336.25,0.558728,0.558728,2.12E-05,0,-5.94E-06,0.31496
1_2,Cyclic Voltammetry,336.35,0.559717,0.559717,2.12E-05,0,-5.94E-06,0.314907
1_2,Cyclic Voltammetry,336.45,0.560698,0.560698,2.13E-05,0,-5.94E-06,0.314812
1_2,Cyclic Voltammetry,336.549,0.56172,0.56172,2.13E-05,0,-5.94E-06,0.3147
1_2,Cyclic Voltammetry,336.649,0.5627,0.5627,2.13E-05,0,-5.94E-06,0.314609
1_2,Cyclic Voltammetry,336.748,0.563668,0.563668,2.13E-05,0,-5.94E-06,0.31459
1_2,Cyclic Voltammetry,336.848,0.564659,0.564659,2.14E-05,0,-5.94E-06,0.314562
1_2,Cyclic Voltammetry,336.948,0.565667,0.565667,2.13E-05,0,-5.94E-06,0.314486
1_2,Cyclic Voltammetry,337.047,0.566659,0.566659,2.13E-05,0,-5.94E-06,0.314399
1_2,Cyclic Voltammetry,337.147,0.567691,0.567691,2.13E-05,0,-5.94E-06,0.314315
1_2,Cyclic Voltammetry,337.246,0.56868,0.56868,2.13E-05,0,-5.94E-06,0.314207
1_2,Cyclic Voltammetry,337.346,0.569691,0.569691,2.13E-05,0,-5.94E-06,0.314176
1_2,Cyclic Voltammetry,337.446,0.570674,0.570674,2.13E-05,0,-5.94E-06,0.31403
1_2,Cyclic Voltammetry,337.545,0.571674,0.571674,2.13E-05,0,-5.94E-06,0.313918
1_2,Cyclic Voltammetry,337.645,0.572634,0.572634,2.13E-05,0,-5.94E-06,0.313857
1_2,Cyclic Voltammetry,337.744,0.573634,0.573634,2.13E-05,0,-5.93E-06,0.313793
1_2,Cyclic Voltammetry,337.844,0.574636,0.574636,2.13E-05,0,-5.93E-06,0.313723
1_2,Cyclic Voltammetry,337.944,0.575579,0.575579,2.13E-05,0,-5.93E-06,0.313668
1_2,Cyclic Voltammetry,338.043,0.576602,0.576602,2.13E-05,0,-5.93E-06,0.313574
1_2,Cyclic Voltammetry,338.143,0.577602,0.577602,2.13E-05,0,-5.93E-06,0.313479
1_2,Cyclic Voltammetry,338.242,0.57859,0.57859,2.14E-05,0,-5.93E-06,0.313427
1_2,Cyclic Voltammetry,338.342,0.579608,0.579608,2.15E-05,0,-5.93E-06,0.313356
1_2,Cyclic Voltammetry,338.442,0.580597,0.580597,2.16E-05,0,-5.93E-06,0.313242
1_2,Cyclic Voltammetry,338.541,0.581583,0.581583,2.17E-05,0,-5.93E-06,0.313159
1_2,Cyclic Voltammetry,338.641,0.582572,0.582572,2.17E-05,0,-5.93E-06,0.313059
1_2,Cyclic Voltammetry,338.74,0.583604,0.583604,2.19E-05,0,-5.93E-06,0.312932
1_2,Cyclic Voltammetry,338.84,0.584563,0.584563,2.20E-05,0,-5.93E-06,0.312856
1_2,Cyclic Voltammetry,338.94,0.5856,0.5856,2.21E-05,0,-5.93E-06,0.312753
1_2,Cyclic Voltammetry,339.039,0.586567,0.586567,2.22E-05,0,-5.93E-06,0.312684
1_2,Cyclic Voltammetry,339.139,0.587559,0.587559,2.23E-05,0,-5.93E-06,0.312587
1_2,Cyclic Voltammetry,339.238,0.588539,0.588539,2.25E-05,0,-5.93E-06,0.312445
1_2,Cyclic Voltammetry,339.338,0.58953,0.58953,2.26E-05,0,-5.93E-06,0.312373
1_2,Cyclic Voltammetry,339.438,0.590495,0.590495,2.28E-05,0,-5.92E-06,0.312305
1_2,Cyclic Voltammetry,339.537,0.591507,0.591507,2.30E-05,0,-5.92E-06,0.312177
1_2,Cyclic Voltammetry,339.637,0.592501,0.592501,2.31E-05,0,-5.92E-06,0.312071
1_2,Cyclic Voltammetry,339.736,0.593526,0.593526,2.32E-05,0,-5.92E-06,0.312021
1_2,Cyclic Voltammetry,339.836,0.59452,0.59452,2.34E-05,0,-5.92E-06,0.311949
1_2,Cyclic Voltammetry,339.936,0.595817,0.595817,2.34E-05,0,-5.92E-06,0.311755
1_2,Cyclic Voltammetry,340.035,0.596502,0.596502,2.37E-05,0,-5.92E-06,0.311666
1_2,Cyclic Voltammetry,340.135,0.597501,0.597501,2.39E-05,0,-5.92E-06,0.311516
1_2,Cyclic Voltammetry,340.234,0.598486,0.598486,2.40E-05,0,-5.92E-06,0.311412
1_2,Cyclic Voltammetry,340.334,0.599483,0.599483,2.41E-05,0,-5.92E-06,0.311361
1_2,Cyclic Voltammetry,340.434,0.600077,0.600077,2.22E-05,0,-5.92E-06,0.311324
1_2,Cyclic Voltammetry,340.533,0.599262,0.599262,1.87E-05,0,-5.92E-06,0.311283
1_2,Cyclic Voltammetry,340.633,0.598287,0.598287,1.75E-05,0,-5.92E-06,0.311247
1_2,Cyclic Voltammetry,340.733,0.597281,0.597281,1.66E-05,0,-5.92E-06,0.311182
1_2,Cyclic Voltammetry,340.832,0.596325,0.596325,1.59E-05,0,-5.92E-06,0.31123
1_2,Cyclic Voltammetry,340.932,0.59532,0.59532,1.53E-05,0,-5.92E-06,0.311231
1_2,Cyclic Voltammetry,341.031,0.594331,0.594331,1.46E-05,0,-5.92E-06,0.311212
1_2,Cyclic Voltammetry,341.131,0.593363,0.593363,1.42E-05,0,-5.91E-06,0.31116
1_2,Cyclic Voltammetry,341.231,0.592309,0.592309,1.36E-05,0,-5.91E-06,0.311106
1_2,Cyclic Voltammetry,341.33,0.591305,0.591305,1.31E-05,0,-5.91E-06,0.311066
1_2,Cyclic Voltammetry,341.43,0.590328,0.590328,1.26E-05,0,-5.91E-06,0.311069
1_2,Cyclic Voltammetry,341.529,0.589352,0.589352,1.21E-05,0,-5.91E-06,0.31101
1_2,Cyclic Voltammetry,341.629,0.588363,0.588363,1.17E-05,0,-5.91E-06,0.311031
1_2,Cyclic Voltammetry,341.729,0.587361,0.587361,1.12E-05,0,-5.91E-06,0.311013
1_2,Cyclic Voltammetry,341.828,0.586392,0.586392,1.08E-05,0,-5.91E-06,0.311032
1_2,Cyclic Voltammetry,341.928,0.584989,0.584989,1.02E-05,0,-5.91E-06,0.31107
1_2,Cyclic Voltammetry,342.027,0.584405,0.584405,9.94E-06,0,-5.91E-06,0.311025
1_2,Cyclic Voltammetry,342.127,0.583393,0.583393,9.58E-06,0,-5.91E-06,0.311056
1_2,Cyclic Voltammetry,342.227,0.582369,0.582369,9.20E-06,0,-5.91E-06,0.311002
1_2,Cyclic Voltammetry,342.326,0.581393,0.581393,8.85E-06,0,-5.91E-06,0.310975
1_2,Cyclic Voltammetry,342.426,0.580403,0.580403,8.51E-06,0,-5.91E-06,0.310958
1_2,Cyclic Voltammetry,342.525,0.579403,0.579403,8.25E-06,0,-5.91E-06,0.310979
1_2,Cyclic Voltammetry,342.625,0.578433,0.578433,7.94E-06,0,-5.91E-06,0.310974
1_2,Cyclic Voltammetry,342.725,0.577422,0.577422,7.65E-06,0,-5.91E-06,0.310977
1_2,Cyclic Voltammetry,342.824,0.5764,0.5764,7.42E-06,0,-5.91E-06,0.3109
1_2,Cyclic Voltammetry,342.924,0.575403,0.575403,7.24E-06,0,-5.91E-06,0.310874
1_2,Cyclic Voltammetry,343.023,0.574425,0.574425,7.03E-06,0,-5.91E-06,0.310876
1_2,Cyclic Voltammetry,343.123,0.573437,0.573437,6.84E-06,0,-5.91E-06,0.310836
1_2,Cyclic Voltammetry,343.223,0.572468,0.572468,6.61E-06,0,-5.91E-06,0.310837
1_2,Cyclic Voltammetry,343.322,0.5715,0.5715,6.48E-06,0,-5.91E-06,0.310827
1_2,Cyclic Voltammetry,343.422,0.570474,0.570474,6.34E-06,0,-5.91E-06,0.31081
1_2,Cyclic Voltammetry,343.521,0.569481,0.569481,6.18E-06,0,-5.91E-06,0.310752
1_2,Cyclic Voltammetry,343.621,0.568489,0.568489,6.07E-06,0,-5.91E-06,0.31073
1_2,Cyclic Voltammetry,343.721,0.56748,0.56748,5.95E-06,0,-5.91E-06,0.310709
1_2,Cyclic Voltammetry,343.82,0.566481,0.566481,5.88E-06,0,-5.91E-06,0.310758
1_2,Cyclic Voltammetry,343.92,0.565466,0.565466,5.83E-06,0,-5.91E-06,0.310721
1_2,Cyclic Voltammetry,344.019,0.564465,0.564465,5.66E-06,0,-5.91E-06,0.310677
1_2,Cyclic Voltammetry,344.119,0.563516,0.563516,5.53E-06,0,-5.91E-06,0.310638
1_2,Cyclic Voltammetry,344.219,0.562522,0.562522,5.45E-06,0,-5.91E-06,0.310625
1_2,Cyclic Voltammetry,344.318,0.56154,0.56154,5.37E-06,0,-5.91E-06,0.310655
1_2,Cyclic Voltammetry,344.418,0.560539,0.560539,5.25E-06,0,-5.91E-06,0.310621
1_2,Cyclic Voltammetry,344.517,0.559535,0.559535,5.14E-06,0,-5.91E-06,0.310622
1_2,Cyclic Voltammetry,344.617,0.558543,0.558543,5.07E-06,0,-5.91E-06,0.310607
1_2,Cyclic Voltammetry,344.717,0.557565,0.557565,4.96E-06,0,-5.91E-06,0.310579
1_2,Cyclic Voltammetry,344.816,0.556561,0.556561,4.79E-06,0,-5.91E-06,0.310627
1_2,Cyclic Voltammetry,344.916,0.555531,0.555531,4.67E-06,0,-5.91E-06,0.310625
1_2,Cyclic Voltammetry,345.015,0.554525,0.554525,4.54E-06,0,-5.91E-06,0.310585
1_2,Cyclic Voltammetry,345.115,0.553563,0.553563,4.38E-06,0,-5.91E-06,0.310573
1_2,Cyclic Voltammetry,345.215,0.552574,0.552574,4.23E-06,0,-5.91E-06,0.310556
1_2,Cyclic Voltammetry,345.314,0.551563,0.551563,4.08E-06,0,-5.91E-06,0.310581
1_2,Cyclic Voltammetry,345.414,0.55057,0.55057,3.91E-06,0,-5.91E-06,0.310583
1_2,Cyclic Voltammetry,345.513,0.549529,0.549529,3.72E-06,0,-5.91E-06,0.310635
1_2,Cyclic Voltammetry,345.613,0.548533,0.548533,3.56E-06,0,-5.91E-06,0.31063
1_2,Cyclic Voltammetry,345.713,0.547582,0.547582,3.35E-06,0,-5.91E-06,0.310609
1_2,Cyclic Voltammetry,345.812,0.546595,0.546595,3.18E-06,0,-5.91E-06,0.310602
1_2,Cyclic Voltammetry,345.912,0.545561,0.545561,2.96E-06,0,-5.91E-06,0.310622
1_2,Cyclic Voltammetry,346.011,0.54455,0.54455,2.75E-06,0,-5.91E-06,0.310661
1_2,Cyclic Voltammetry,346.111,0.54357,0.54357,2.58E-06,0,-5.91E-06,0.310676
1_2,Cyclic Voltammetry,346.211,0.542605,0.542605,2.37E-06,0,-5.91E-06,0.310659
1_2,Cyclic Voltammetry,346.31,0.541632,0.541632,2.23E-06,0,-5.91E-06,0.310659
1_2,Cyclic Voltammetry,346.41,0.540631,0.540631,2.09E-06,0,-5.91E-06,0.310632
1_2,Cyclic Voltammetry,346.509,0.539633,0.539633,1.95E-06,0,-5.91E-06,0.310688
1_2,Cyclic Voltammetry,346.609,0.538621,0.538621,1.73E-06,0,-5.90E-06,0.310748
1_2,Cyclic Voltammetry,346.709,0.537598,0.537598,1.57E-06,0,-5.90E-06,0.310744
1_2,Cyclic Voltammetry,346.808,0.536649,0.536649,1.47E-06,0,-5.90E-06,0.310681
1_2,Cyclic Voltammetry,346.908,0.535673,0.535673,1.34E-06,0,-5.90E-06,0.310679
1_2,Cyclic Voltammetry,347.007,0.534643,0.534643,1.21E-06,0,-5.90E-06,0.310678
1_2,Cyclic Voltammetry,347.107,0.533656,0.533656,1.10E-06,0,-5.90E-06,0.310731
1_2,Cyclic Voltammetry,347.207,0.532678,0.532678,1.03E-06,0,-5.90E-06,0.310709
1_2,Cyclic Voltammetry,347.306,0.531663,0.531663,9.66E-07,0,-5.90E-06,0.31068
1_2,Cyclic Voltammetry,347.406,0.530673,0.530673,9.22E-07,0,-5.90E-06,0.310627
1_2,Cyclic Voltammetry,347.505,0.529656,0.529656,8.48E-07,0,-5.90E-06,0.310649
1_2,Cyclic Voltammetry,347.605,0.528644,0.528644,8.57E-07,0,-5.90E-06,0.310662
1_2,Cyclic Voltammetry,347.705,0.52768,0.52768,7.57E-07,0,-5.90E-06,0.310613
1_2,Cyclic Voltammetry,347.804,0.526728,0.526728,7.14E-07,0,-5.90E-06,0.310584
1_2,Cyclic Voltammetry,347.904,0.525762,0.525762,7.00E-07,0,-5.90E-06,0.310564
1_2,Cyclic Voltammetry,348.003,0.524728,0.524728,6.76E-07,0,-5.90E-06,0.310543
1_2,Cyclic Voltammetry,348.103,0.523708,0.523708,6.91E-07,0,-5.90E-06,0.310544
1_2,Cyclic Voltammetry,348.203,0.522693,0.522693,7.16E-07,0,-5.90E-06,0.31059
1_2,Cyclic Voltammetry,348.302,0.521718,0.521718,7.08E-07,0,-5.90E-06,0.310626
1_2,Cyclic Voltammetry,348.402,0.520744,0.520744,6.68E-07,0,-5.90E-06,0.310623
1_2,Cyclic Voltammetry,348.501,0.519742,0.519742,6.57E-07,0,-5.90E-06,0.310638
1_2,Cyclic Voltammetry,348.601,0.518735,0.518735,6.46E-07,0,-5.90E-06,0.310609
1_2,Cyclic Voltammetry,348.701,0.517741,0.517741,6.55E-07,0,-5.90E-06,0.310572
1_2,Cyclic Voltammetry,348.8,0.51673,0.51673,6.07E-07,0,-5.90E-06,0.3106
1_2,Cyclic Voltammetry,348.9,0.515748,0.515748,6.05E-07,0,-5.90E-06,0.310623
1_2,Cyclic Voltammetry,348.999,0.514739,0.514739,5.31E-07,0,-5.90E-06,0.31059
1_2,Cyclic Voltammetry,349.099,0.513745,0.513745,5.07E-07,0,-5.90E-06,0.310617
1_2,Cyclic Voltammetry,349.199,0.512713,0.512713,4.32E-07,0,-5.90E-06,0.310639
1_2,Cyclic Voltammetry,349.298,0.511723,0.511723,3.69E-07,0,-5.90E-06,0.310628
1_2,Cyclic Voltammetry,349.398,0.510734,0.510734,2.61E-07,0,-5.90E-06,0.310592
1_2,Cyclic Voltammetry,349.497,0.509833,0.509833,3.38E-07,0,-5.90E-06,0.310573
1_2,Cyclic Voltammetry,349.597,0.50887,0.50887,1.67E-07,0,-5.90E-06,0.310582
1_2,Cyclic Voltammetry,349.697,0.507856,0.507856,1.39E-08,0,-5.90E-06,0.310598
1_2,Cyclic Voltammetry,349.796,0.506885,0.506885,-1.04E-07,0,-5.90E-06,0.310611
1_2,Cyclic Voltammetry,349.896,0.505903,0.505903,-2.27E-07,0,-5.90E-06,0.310646
1_2,Cyclic Voltammetry,349.995,0.504889,0.504889,-3.66E-07,0,-5.90E-06,0.310626
1_2,Cyclic Voltammetry,350.095,0.50389,0.50389,-5.05E-07,0,-5.90E-06,0.310651
1_2,Cyclic Voltammetry,350.195,0.502873,0.502873,-6.83E-07,0,-5.90E-06,0.310668
1_2,Cyclic Voltammetry,350.294,0.501851,0.501851,-8.04E-07,0,-5.90E-06,0.310683
1_2,Cyclic Voltammetry,350.394,0.500887,0.500887,-9.24E-07,0,-5.90E-06,0.310705
1_2,Cyclic Voltammetry,350.493,0.499885,0.499885,-1.05E-06,0,-5.90E-06,0.310679
1_2,Cyclic Voltammetry,350.593,0.498895,0.498895,-1.14E-06,0,-5.90E-06,0.310691
1_2,Cyclic Voltammetry,350.693,0.497899,0.497899,-1.27E-06,0,-5.90E-06,0.310699
1_2,Cyclic Voltammetry,350.792,0.496885,0.496885,-1.40E-06,0,-5.90E-06,0.310728
1_2,Cyclic Voltammetry,350.892,0.495884,0.495884,-1.53E-06,0,-5.90E-06,0.310761
1_2,Cyclic Voltammetry,350.991,0.494903,0.494903,-1.62E-06,0,-5.90E-06,0.310778
1_2,Cyclic Voltammetry,351.091,0.49391,0.49391,-1.72E-06,0,-5.90E-06,0.310755
1_2,Cyclic Voltammetry,351.191,0.492896,0.492896,-1.76E-06,0,-5.90E-06,0.310741
1_2,Cyclic Voltammetry,351.29,0.491922,0.491922,-1.82E-06,0,-5.90E-06,0.310731
1_2,Cyclic Voltammetry,351.39,0.490931,0.490931,-1.86E-06,0,-5.90E-06,0.310742
1_2,Cyclic Voltammetry,351.489,0.489913,0.489913,-1.88E-06,0,-5.90E-06,0.310739
1_2,Cyclic Voltammetry,351.589,0.488939,0.488939,-1.91E-06,0,-5.90E-06,0.310773
1_2,Cyclic Voltammetry,351.689,0.487907,0.487907,-1.96E-06,0,-5.90E-06,0.310721
1_2,Cyclic Voltammetry,351.788,0.486904,0.486904,-1.95E-06,0,-5.91E-06,0.310707
1_2,Cyclic Voltammetry,351.888,0.485891,0.485891,-1.97E-06,0,-5.91E-06,0.310705
1_2,Cyclic Voltammetry,351.987,0.484904,0.484904,-1.95E-06,0,-5.91E-06,0.310693
1_2,Cyclic Voltammetry,352.087,0.483901,0.483901,-1.95E-06,0,-5.91E-06,0.31067
1_2,Cyclic Voltammetry,352.187,0.482916,0.482916,-1.87E-06,0,-5.91E-06,0.310677
1_2,Cyclic Voltammetry,352.286,0.481953,0.481953,-1.84E-06,0,-5.91E-06,0.310658
1_2,Cyclic Voltammetry,352.386,0.48095,0.48095,-1.80E-06,0,-5.91E-06,0.310664
1_2,Cyclic Voltammetry,352.485,0.479946,0.479946,-1.80E-06,0,-5.91E-06,0.310679
1_2,Cyclic Voltammetry,352.585,0.478949,0.478949,-1.79E-06,0,-5.91E-06,0.310686
1_2,Cyclic Voltammetry,352.685,0.477949,0.477949,-1.77E-06,0,-5.91E-06,0.310682
1_2,Cyclic Voltammetry,352.784,0.476975,0.476975,-1.73E-06,0,-5.91E-06,0.31074
1_2,Cyclic Voltammetry,352.884,0.476003,0.476003,-1.72E-06,0,-5.91E-06,0.310701
1_2,Cyclic Voltammetry,352.983,0.475007,0.475007,-1.70E-06,0,-5.91E-06,0.310728
1_2,Cyclic Voltammetry,353.083,0.473996,0.473996,-1.72E-06,0,-5.91E-06,0.310717
1_2,Cyclic Voltammetry,353.183,0.472994,0.472994,-1.72E-06,0,-5.91E-06,0.310698
1_2,Cyclic Voltammetry,353.282,0.471978,0.471978,-1.74E-06,0,-5.91E-06,0.310692
1_2,Cyclic Voltammetry,353.382,0.470956,0.470956,-1.79E-06,0,-5.91E-06,0.310746
1_2,Cyclic Voltammetry,353.481,0.469969,0.469969,-1.87E-06,0,-5.91E-06,0.310718
1_2,Cyclic Voltammetry,353.581,0.468984,0.468984,-1.91E-06,0,-5.91E-06,0.31072
1_2,Cyclic Voltammetry,353.681,0.467957,0.467957,-1.98E-06,0,-5.91E-06,0.31072
1_2,Cyclic Voltammetry,353.78,0.466963,0.466963,-2.08E-06,0,-5.91E-06,0.31072
1_2,Cyclic Voltammetry,353.88,0.465987,0.465987,-2.12E-06,0,-5.91E-06,0.310738
1_2,Cyclic Voltammetry,353.979,0.465001,0.465001,-2.24E-06,0,-5.91E-06,0.310779
1_2,Cyclic Voltammetry,354.079,0.464012,0.464012,-2.33E-06,0,-5.91E-06,0.310791
1_2,Cyclic Voltammetry,354.179,0.463036,0.463036,-2.44E-06,0,-5.91E-06,0.310835
1_2,Cyclic Voltammetry,354.278,0.46202,0.46202,-2.58E-06,0,-5.91E-06,0.310856
1_2,Cyclic Voltammetry,354.378,0.461042,0.461042,-2.68E-06,0,-5.91E-06,0.310819
1_2,Cyclic Voltammetry,354.477,0.459997,0.459997,-2.80E-06,0,-5.91E-06,0.310808
1_2,Cyclic Voltammetry,354.577,0.458984,0.458984,-2.91E-06,0,-5.91E-06,0.310825
1_2,Cyclic Voltammetry,354.677,0.457969,0.457969,-3.01E-06,0,-5.91E-06,0.310876
1_2,Cyclic Voltammetry,354.776,0.457008,0.457008,-3.08E-06,0,-5.91E-06,0.310872
1_2,Cyclic Voltammetry,354.876,0.45602,0.45602,-3.21E-06,0,-5.91E-06,0.310829
1_2,Cyclic Voltammetry,354.975,0.45503,0.45503,-3.26E-06,0,-5.91E-06,0.310794
1_2,Cyclic Voltammetry,355.075,0.454044,0.454044,-3.31E-06,0,-5.91E-06,0.310829
1_2,Cyclic Voltammetry,355.175,0.453044,0.453044,-3.45E-06,0,-5.91E-06,0.310819
1_2,Cyclic Voltammetry,355.274,0.452054,0.452054,-3.59E-06,0,-5.91E-06,0.310842
1_2,Cyclic Voltammetry,355.374,0.451061,0.451061,-3.55E-06,0,-5.91E-06,0.310842
1_2,Cyclic Voltammetry,355.473,0.450068,0.450068,-3.59E-06,0,-5.91E-06,0.310845
1_2,Cyclic Voltammetry,355.573,0.449082,0.449082,-3.59E-06,0,-5.91E-06,0.310859
1_2,Cyclic Voltammetry,355.673,0.448077,0.448077,-3.60E-06,0,-5.91E-06,0.310867
1_2,Cyclic Voltammetry,355.772,0.447065,0.447065,-3.58E-06,0,-5.91E-06,0.310896
1_2,Cyclic Voltammetry,355.872,0.446057,0.446057,-3.56E-06,0,-5.91E-06,0.310892
1_2,Cyclic Voltammetry,355.971,0.445007,0.445007,-3.52E-06,0,-5.91E-06,0.310836
1_2,Cyclic Voltammetry,356.071,0.444066,0.444066,-3.46E-06,0,-5.91E-06,0.310853
1_2,Cyclic Voltammetry,356.171,0.44308,0.44308,-3.41E-06,0,-5.91E-06,0.310852
1_2,Cyclic Voltammetry,356.27,0.442068,0.442068,-3.39E-06,0,-5.91E-06,0.310827
1_2,Cyclic Voltammetry,356.37,0.441025,0.441025,-3.37E-06,0,-5.91E-06,0.310826
1_2,Cyclic Voltammetry,356.469,0.440003,0.440003,-3.33E-06,0,-5.91E-06,0.310819
1_2,Cyclic Voltammetry,356.569,0.439041,0.439041,-3.31E-06,0,-5.91E-06,0.310777
1_2,Cyclic Voltammetry,356.669,0.438073,0.438073,-3.26E-06,0,-5.91E-06,0.310794
1_2,Cyclic Voltammetry,356.768,0.437065,0.437065,-3.22E-06,0,-5.91E-06,0.310813
1_2,Cyclic Voltammetry,356.868,0.436023,0.436023,-3.17E-06,0,-5.91E-06,0.310843
1_2,Cyclic Voltammetry,356.967,0.435037,0.435037,-3.10E-06,0,-5.91E-06,0.310825
1_2,Cyclic Voltammetry,357.067,0.434062,0.434062,-3.13E-06,0,-5.91E-06,0.310788
1_2,Cyclic Voltammetry,357.167,0.433104,0.433104,-3.12E-06,0,-5.91E-06,0.310805
1_2,Cyclic Voltammetry,357.266,0.432102,0.432102,-3.16E-06,0,-5.91E-06,0.310796
1_2,Cyclic Voltammetry,357.366,0.431066,0.431066,-3.19E-06,0,-5.91E-06,0.310845
1_2,Cyclic Voltammetry,357.465,0.430068,0.430068,-3.23E-06,0,-5.91E-06,0.310835
1_2,Cyclic Voltammetry,357.565,0.429094,0.429094,-3.26E-06,0,-5.91E-06,0.310843
1_2,Cyclic Voltammetry,357.665,0.428134,0.428134,-3.31E-06,0,-5.91E-06,0.310867
1_2,Cyclic Voltammetry,357.764,0.42715,0.42715,-3.38E-06,0,-5.91E-06,0.310908
1_2,Cyclic Voltammetry,357.864,0.426136,0.426136,-3.43E-06,0,-5.91E-06,0.310911
1_2,Cyclic Voltammetry,357.963,0.425092,0.425092,-3.52E-06,0,-5.91E-06,0.310942
1_2,Cyclic Voltammetry,358.063,0.42412,0.42412,-3.62E-06,0,-5.91E-06,0.310941
1_2,Cyclic Voltammetry,358.163,0.423108,0.423108,-3.74E-06,0,-5.91E-06,0.310913
1_2,Cyclic Voltammetry,358.262,0.422121,0.422121,-3.85E-06,0,-5.91E-06,0.310901
1_2,Cyclic Voltammetry,358.362,0.421102,0.421102,-3.95E-06,0,-5.91E-06,0.310892
1_2,Cyclic Voltammetry,358.461,0.420107,0.420107,-4.05E-06,0,-5.91E-06,0.310846
1_2,Cyclic Voltammetry,358.561,0.419101,0.419101,-4.13E-06,0,-5.91E-06,0.310875
1_2,Cyclic Voltammetry,358.661,0.418129,0.418129,-4.23E-06,0,-5.91E-06,0.310911
1_2,Cyclic Voltammetry,358.76,0.417172,0.417172,-4.31E-06,0,-5.91E-06,0.310955
1_2,Cyclic Voltammetry,358.86,0.41617,0.41617,-4.42E-06,0,-5.91E-06,0.31094
1_2,Cyclic Voltammetry,358.959,0.415117,0.415117,-4.50E-06,0,-5.91E-06,0.310941
1_2,Cyclic Voltammetry,359.059,0.414133,0.414133,-4.58E-06,0,-5.91E-06,0.310964
1_2,Cyclic Voltammetry,359.159,0.413152,0.413152,-4.62E-06,0,-5.91E-06,0.310979
1_2,Cyclic Voltammetry,359.258,0.412201,0.412201,-4.64E-06,0,-5.91E-06,0.310962
1_2,Cyclic Voltammetry,359.358,0.411188,0.411188,-4.66E-06,0,-5.91E-06,0.310957
1_2,Cyclic Voltammetry,359.457,0.41015,0.41015,-4.68E-06,0,-5.91E-06,0.310925
1_2,Cyclic Voltammetry,359.557,0.409179,0.409179,-4.68E-06,0,-5.91E-06,0.310949
1_2,Cyclic Voltammetry,359.657,0.408224,0.408224,-4.68E-06,0,-5.91E-06,0.31096
1_2,Cyclic Voltammetry,359.756,0.407223,0.407223,-4.67E-06,0,-5.91E-06,0.310993
1_2,Cyclic Voltammetry,359.856,0.406157,0.406157,-4.63E-06,0,-5.91E-06,0.311025
1_2,Cyclic Voltammetry,359.955,0.405124,0.405124,-4.60E-06,0,-5.91E-06,0.311035
1_2,Cyclic Voltammetry,360.055,0.404125,0.404125,-4.53E-06,0,-5.91E-06,0.310971
1_2,Cyclic Voltammetry,360.155,0.403163,0.403163,-4.48E-06,0,-5.91E-06,0.310905
1_2,Cyclic Voltammetry,360.254,0.402197,0.402197,-4.40E-06,0,-5.91E-06,0.310887
1_2,Cyclic Voltammetry,360.354,0.401175,0.401175,-4.35E-06,0,-5.91E-06,0.310938
1_2,Cyclic Voltammetry,360.453,0.400181,0.400181,-4.32E-06,0,-5.91E-06,0.310943
1_2,Cyclic Voltammetry,360.553,0.399166,0.399166,-4.29E-06,0,-5.91E-06,0.31095
1_2,Cyclic Voltammetry,360.653,0.398167,0.398167,-4.23E-06,0,-5.91E-06,0.310934
1_2,Cyclic Voltammetry,360.752,0.397185,0.397185,-4.20E-06,0,-5.91E-06,0.310947
1_2,Cyclic Voltammetry,360.852,0.396173,0.396173,-4.13E-06,0,-5.91E-06,0.310984
1_2,Cyclic Voltammetry,360.951,0.395176,0.395176,-4.10E-06,0,-5.91E-06,0.310946
1_2,Cyclic Voltammetry,361.051,0.39414,0.39414,-4.10E-06,0,-5.91E-06,0.310872
1_2,Cyclic Voltammetry,361.151,0.393181,0.393181,-4.11E-06,0,-5.91E-06,0.310847
1_2,Cyclic Voltammetry,361.25,0.392205,0.392205,-4.15E-06,0,-5.91E-06,0.31094
1_2,Cyclic Voltammetry,361.35,0.391227,0.391227,-4.16E-06,0,-5.91E-06,0.310963
1_2,Cyclic Voltammetry,361.449,0.390216,0.390216,-4.20E-06,0,-5.91E-06,0.310975
1_2,Cyclic Voltammetry,361.549,0.389202,0.389202,-4.25E-06,0,-5.91E-06,0.310988
1_2,Cyclic Voltammetry,361.649,0.388177,0.388177,-4.30E-06,0,-5.91E-06,0.310912
1_2,Cyclic Voltammetry,361.748,0.387217,0.387217,-4.39E-06,0,-5.91E-06,0.310906
1_2,Cyclic Voltammetry,361.848,0.386238,0.386238,-4.43E-06,0,-5.91E-06,0.310941
1_2,Cyclic Voltammetry,361.947,0.385232,0.385232,-4.53E-06,0,-5.91E-06,0.311002
1_2,Cyclic Voltammetry,362.047,0.384232,0.384232,-4.65E-06,0,-5.91E-06,0.311044
1_2,Cyclic Voltammetry,362.147,0.383208,0.383208,-4.76E-06,0,-5.91E-06,0.311024
1_2,Cyclic Voltammetry,362.246,0.382223,0.382223,-4.86E-06,0,-5.91E-06,0.31099
1_2,Cyclic Voltammetry,362.346,0.381256,0.381256,-4.95E-06,0,-5.92E-06,0.311009
1_2,Cyclic Voltammetry,362.445,0.380263,0.380263,-5.03E-06,0,-5.92E-06,0.311049
1_2,Cyclic Voltammetry,362.545,0.379223,0.379223,-5.09E-06,0,-5.92E-06,0.311024
1_2,Cyclic Voltammetry,362.645,0.378216,0.378216,-5.21E-06,0,-5.92E-06,0.311009
1_2,Cyclic Voltammetry,362.744,0.37724,0.37724,-5.30E-06,0,-5.92E-06,0.310957
1_2,Cyclic Voltammetry,362.844,0.37626,0.37626,-5.37E-06,0,-5.92E-06,0.311006
1_2,Cyclic Voltammetry,362.943,0.375287,0.375287,-5.41E-06,0,-5.92E-06,0.311007
1_2,Cyclic Voltammetry,363.043,0.374292,0.374292,-5.45E-06,0,-5.92E-06,0.311054
1_2,Cyclic Voltammetry,363.143,0.373276,0.373276,-5.49E-06,0,-5.92E-06,0.311062
1_2,Cyclic Voltammetry,363.242,0.372269,0.372269,-5.49E-06,0,-5.92E-06,0.311071
1_2,Cyclic Voltammetry,363.342,0.371315,0.371315,-5.50E-06,0,-5.92E-06,0.311086
1_2,Cyclic Voltammetry,363.441,0.370285,0.370285,-5.48E-06,0,-5.92E-06,0.311078
1_2,Cyclic Voltammetry,363.541,0.369304,0.369304,-5.46E-06,0,-5.92E-06,0.311086
1_2,Cyclic Voltammetry,363.641,0.368291,0.368291,-5.48E-06,0,-5.92E-06,0.311081
1_2,Cyclic Voltammetry,363.74,0.367318,0.367318,-5.44E-06,0,-5.92E-06,0.311082
1_2,Cyclic Voltammetry,363.84,0.366317,0.366317,-5.37E-06,0,-5.92E-06,0.311026
1_2,Cyclic Voltammetry,363.939,0.365344,0.365344,-5.30E-06,0,-5.92E-06,0.311079
1_2,Cyclic Voltammetry,364.039,0.364349,0.364349,-5.21E-06,0,-5.92E-06,0.311089
1_2,Cyclic Voltammetry,364.139,0.363303,0.363303,-5.13E-06,0,-5.92E-06,0.311072
1_2,Cyclic Voltammetry,364.238,0.362298,0.362298,-5.14E-06,0,-5.92E-06,0.311045
1_2,Cyclic Voltammetry,364.338,0.361296,0.361296,-5.06E-06,0,-5.92E-06,0.31099
1_2,Cyclic Voltammetry,364.437,0.360293,0.360293,-5.08E-06,0,-5.92E-06,0.310938
1_2,Cyclic Voltammetry,364.537,0.359307,0.359307,-5.01E-06,0,-5.92E-06,0.310961
1_2,Cyclic Voltammetry,364.637,0.358285,0.358285,-4.97E-06,0,-5.92E-06,0.310974
1_2,Cyclic Voltammetry,364.736,0.357282,0.357282,-4.90E-06,0,-5.92E-06,0.310981
1_2,Cyclic Voltammetry,364.836,0.35629,0.35629,-4.84E-06,0,-5.92E-06,0.310958
1_2,Cyclic Voltammetry,364.935,0.355315,0.355315,-4.85E-06,0,-5.92E-06,0.310978
1_2,Cyclic Voltammetry,365.035,0.354285,0.354285,-4.84E-06,0,-5.92E-06,0.311023
1_2,Cyclic Voltammetry,365.135,0.353273,0.353273,-4.87E-06,0,-5.92E-06,0.310996
1_2,Cyclic Voltammetry,365.234,0.352273,0.352273,-4.90E-06,0,-5.92E-06,0.311011
1_2,Cyclic Voltammetry,365.334,0.351318,0.351318,-4.95E-06,0,-5.92E-06,0.310969
1_2,Cyclic Voltammetry,365.433,0.350326,0.350326,-4.98E-06,0,-5.92E-06,0.310994
1_2,Cyclic Voltammetry,365.533,0.34936,0.34936,-5.03E-06,0,-5.92E-06,0.311006
1_2,Cyclic Voltammetry,365.633,0.348368,0.348368,-5.10E-06,0,-5.92E-06,0.311013
1_2,Cyclic Voltammetry,365.732,0.34736,0.34736,-5.18E-06,0,-5.92E-06,0.311003
1_2,Cyclic Voltammetry,365.832,0.346358,0.346358,-5.27E-06,0,-5.92E-06,0.311075
1_2,Cyclic Voltammetry,365.931,0.345328,0.345328,-5.37E-06,0,-5.92E-06,0.311078
1_2,Cyclic Voltammetry,366.031,0.344326,0.344326,-5.49E-06,0,-5.92E-06,0.311084
1_2,Cyclic Voltammetry,366.131,0.343349,0.343349,-5.60E-06,0,-5.92E-06,0.311124
1_2,Cyclic Voltammetry,366.23,0.342324,0.342324,-5.68E-06,0,-5.92E-06,0.311112
1_2,Cyclic Voltammetry,366.33,0.341392,0.341392,-5.73E-06,0,-5.92E-06,0.311084
1_2,Cyclic Voltammetry,366.429,0.340407,0.340407,-5.83E-06,0,-5.92E-06,0.311082
1_2,Cyclic Voltammetry,366.529,0.33945,0.33945,-5.71E-06,0,-5.92E-06,0.311153
1_2,Cyclic Voltammetry,366.629,0.338505,0.338505,-5.93E-06,0,-5.92E-06,0.311142
1_2,Cyclic Voltammetry,366.728,0.337467,0.337467,-6.10E-06,0,-5.92E-06,0.311184
1_2,Cyclic Voltammetry,366.828,0.336465,0.336465,-6.19E-06,0,-5.92E-06,0.311274
1_2,Cyclic Voltammetry,366.927,0.335456,0.335456,-5.65E-06,0,-5.92E-06,0.311188
1_2,Cyclic Voltammetry,367.027,0.334478,0.334478,-6.56E-06,0,-5.92E-06,0.310961
1_2,Cyclic Voltammetry,367.127,0.33352,0.33352,-6.48E-06,0,-5.92E-06,0.311213
1_2,Cyclic Voltammetry,367.226,0.332553,0.332553,-6.28E-06,0,-5.92E-06,0.311195
1_2,Cyclic Voltammetry,367.326,0.331536,0.331536,-6.06E-06,0,-5.92E-06,0.311107
1_2,Cyclic Voltammetry,367.425,0.330523,0.330523,-6.40E-06,0,-5.92E-06,0.310984
1_2,Cyclic Voltammetry,367.525,0.329541,0.329541,-6.47E-06,0,-5.92E-06,0.311089
1_2,Cyclic Voltammetry,367.625,0.32856,0.32856,-6.17E-06,0,-5.92E-06,0.311166
1_2,Cyclic Voltammetry,367.724,0.327565,0.327565,-6.40E-06,0,-5.92E-06,0.311089
1_2,Cyclic Voltammetry,367.824,0.326565,0.326565,-6.21E-06,0,-5.92E-06,0.31115
1_2,Cyclic Voltammetry,367.923,0.325526,0.325526,-5.81E-06,0,-5.92E-06,0.311168
1_2,Cyclic Voltammetry,368.023,0.324545,0.324545,-5.61E-06,0,-5.92E-06,0.311129
1_2,Cyclic Voltammetry,368.123,0.323571,0.323571,-5.60E-06,0,-5.92E-06,0.311083
1_2,Cyclic Voltammetry,368.222,0.322564,0.322564,-5.79E-06,0,-5.92E-06,0.31107
1_2,Cyclic Voltammetry,368.322,0.321553,0.321553,-5.67E-06,0,-5.92E-06,0.311138
1_2,Cyclic Voltammetry,368.421,0.320543,0.320543,-5.62E-06,0,-5.92E-06,0.311117
1_2,Cyclic Voltammetry,368.521,0.31955,0.31955,-5.52E-06,0,-5.92E-06,0.311079
1_2,Cyclic Voltammetry,368.621,0.318573,0.318573,-5.59E-06,0,-5.92E-06,0.311075
1_2,Cyclic Voltammetry,368.72,0.317573,0.317573,-5.51E-06,0,-5.92E-06,0.311081
1_2,Cyclic Voltammetry,368.82,0.31656,0.31656,-5.46E-06,0,-5.92E-06,0.31109
1_2,Cyclic Voltammetry,368.919,0.315583,0.315583,-5.44E-06,0,-5.93E-06,0.311051
1_2,Cyclic Voltammetry,369.019,0.314594,0.314594,-5.50E-06,0,-5.93E-06,0.311053
1_2,Cyclic Voltammetry,369.119,0.313601,0.313601,-5.47E-06,0,-5.93E-06,0.311111
1_2,Cyclic Voltammetry,369.218,0.312625,0.312625,-5.48E-06,0,-5.93E-06,0.311195
1_2,Cyclic Voltammetry,369.318,0.311652,0.311652,-5.48E-06,0,-5.93E-06,0.311156
1_2,Cyclic Voltammetry,369.417,0.310617,0.310617,-5.57E-06,0,-5.93E-06,0.311092
1_2,Cyclic Voltammetry,369.517,0.309608,0.309608,-5.63E-06,0,-5.93E-06,0.311125
1_2,Cyclic Voltammetry,369.617,0.308602,0.308602,-5.57E-06,0,-5.93E-06,0.311169
1_2,Cyclic Voltammetry,369.716,0.307599,0.307599,-5.14E-06,0,-5.93E-06,0.3114
1_2,Cyclic Voltammetry,369.816,0.306595,0.306595,-5.15E-06,0,-5.93E-06,0.311509
1_2,Cyclic Voltammetry,369.915,0.305614,0.305614,-5.80E-06,0,-5.93E-06,0.31116
1_2,Cyclic Voltammetry,370.015,0.304645,0.304645,-6.14E-06,0,-5.93E-06,0.311145
1_2,Cyclic Voltammetry,370.115,0.303642,0.303642,-6.24E-06,0,-5.93E-06,0.311222
1_2,Cyclic Voltammetry,370.214,0.302656,0.302656,-6.33E-06,0,-5.93E-06,0.311274
1_2,Cyclic Voltammetry,370.314,0.301648,0.301648,-6.38E-06,0,-5.93E-06,0.311291
1_2,Cyclic Voltammetry,370.413,0.300652,0.300652,-6.45E-06,0,-5.93E-06,0.311319
1_2,Cyclic Voltammetry,370.513,0.299679,0.299679,-6.52E-06,0,-5.93E-06,0.311308
1_2,Cyclic Voltammetry,370.613,0.298671,0.298671,-6.61E-06,0,-5.93E-06,0.311285
1_2,Cyclic Voltammetry,370.712,0.297695,0.297695,-6.63E-06,0,-5.93E-06,0.311262
1_2,Cyclic Voltammetry,370.812,0.296698,0.296698,-6.68E-06,0,-5.93E-06,0.311273
1_2,Cyclic Voltammetry,370.911,0.295682,0.295682,-6.70E-06,0,-5.93E-06,0.311256
1_2,Cyclic Voltammetry,371.011,0.294671,0.294671,-6.70E-06,0,-5.93E-06,0.311255
1_2,Cyclic Voltammetry,371.111,0.293696,0.293696,-6.70E-06,0,-5.93E-06,0.311225
1_2,Cyclic Voltammetry,371.21,0.292711,0.292711,-6.67E-06,0,-5.93E-06,0.311208
1_2,Cyclic Voltammetry,371.31,0.291699,0.291699,-6.65E-06,0,-5.93E-06,0.311261
1_2,Cyclic Voltammetry,371.409,0.290685,0.290685,-6.67E-06,0,-5.93E-06,0.311281
1_2,Cyclic Voltammetry,371.509,0.289703,0.289703,-6.61E-06,0,-5.93E-06,0.31126
1_2,Cyclic Voltammetry,371.609,0.288741,0.288741,-6.53E-06,0,-5.93E-06,0.311286
1_2,Cyclic Voltammetry,371.708,0.287735,0.287735,-6.46E-06,0,-5.93E-06,0.31128
1_2,Cyclic Voltammetry,371.808,0.286753,0.286753,-6.37E-06,0,-5.93E-06,0.311264
1_2,Cyclic Voltammetry,371.907,0.285766,0.285766,-6.32E-06,0,-5.93E-06,0.3113
1_2,Cyclic Voltammetry,372.007,0.284789,0.284789,-6.25E-06,0,-5.93E-06,0.311304
1_2,Cyclic Voltammetry,372.107,0.283782,0.283782,-6.19E-06,0,-5.93E-06,0.311281
1_2,Cyclic Voltammetry,372.206,0.282784,0.282784,-6.16E-06,0,-5.93E-06,0.311286
1_2,Cyclic Voltammetry,372.306,0.281785,0.281785,-6.09E-06,0,-5.93E-06,0.31131
1_2,Cyclic Voltammetry,372.405,0.280783,0.280783,-6.03E-06,0,-5.93E-06,0.311259
1_2,Cyclic Voltammetry,372.505,0.279769,0.279769,-6.00E-06,0,-5.93E-06,0.311256
1_2,Cyclic Voltammetry,372.605,0.278777,0.278777,-5.96E-06,0,-5.93E-06,0.311264
1_2,Cyclic Voltammetry,372.704,0.277806,0.277806,-5.92E-06,0,-5.93E-06,0.311256
1_2,Cyclic Voltammetry,372.804,0.276804,0.276804,-5.93E-06,0,-5.93E-06,0.311255
1_2,Cyclic Voltammetry,372.903,0.275804,0.275804,-5.98E-06,0,-5.93E-06,0.311333
1_2,Cyclic Voltammetry,373.003,0.2748,0.2748,-5.98E-06,0,-5.93E-06,0.311318
1_2,Cyclic Voltammetry,373.103,0.273778,0.273778,-6.02E-06,0,-5.93E-06,0.311306
1_2,Cyclic Voltammetry,373.202,0.27283,0.27283,-6.08E-06,0,-5.93E-06,0.311365
1_2,Cyclic Voltammetry,373.302,0.271842,0.271842,-6.07E-06,0,-5.93E-06,0.31139
1_2,Cyclic Voltammetry,373.401,0.270866,0.270866,-6.11E-06,0,-5.93E-06,0.311372
1_2,Cyclic Voltammetry,373.501,0.26989,0.26989,-6.16E-06,0,-5.93E-06,0.31136
1_2,Cyclic Voltammetry,373.601,0.268883,0.268883,-6.21E-06,0,-5.93E-06,0.31134
1_2,Cyclic Voltammetry,373.7,0.267853,0.267853,-6.37E-06,0,-5.93E-06,0.311252
1_2,Cyclic Voltammetry,373.8,0.266862,0.266862,-6.63E-06,0,-5.93E-06,0.311212
1_2,Cyclic Voltammetry,373.899,0.26588,0.26588,-6.93E-06,0,-5.93E-06,0.31124
1_2,Cyclic Voltammetry,373.999,0.264879,0.264879,-6.98E-06,0,-5.93E-06,0.311319
1_2,Cyclic Voltammetry,374.099,0.263871,0.263871,-6.94E-06,0,-5.93E-06,0.311299
1_2,Cyclic Voltammetry,374.198,0.262893,0.262893,-7.12E-06,0,-5.93E-06,0.311252
1_2,Cyclic Voltammetry,374.298,0.261881,0.261881,-7.25E-06,0,-5.93E-06,0.311336
1_2,Cyclic Voltammetry,374.397,0.260902,0.260902,-6.92E-06,0,-5.93E-06,0.311426
1_2,Cyclic Voltammetry,374.497,0.259911,0.259911,-7.04E-06,0,-5.93E-06,0.311343
1_2,Cyclic Voltammetry,374.597,0.258885,0.258885,-7.08E-06,0,-5.93E-06,0.311481
1_2,Cyclic Voltammetry,374.696,0.257942,0.257942,-6.62E-06,0,-5.94E-06,0.311652
1_2,Cyclic Voltammetry,374.796,0.25696,0.25696,-6.73E-06,0,-5.94E-06,0.311667
1_2,Cyclic Voltammetry,374.895,0.25597,0.25597,-6.61E-06,0,-5.94E-06,0.311597
1_2,Cyclic Voltammetry,374.995,0.254942,0.254942,-7.01E-06,0,-5.94E-06,0.311398
1_2,Cyclic Voltammetry,375.095,0.253926,0.253926,-7.16E-06,0,-5.94E-06,0.311339
1_2,Cyclic Voltammetry,375.194,0.252935,0.252935,-7.24E-06,0,-5.94E-06,0.311373
1_2,Cyclic Voltammetry,375.294,0.252,0.252,-7.19E-06,0,-5.94E-06,0.311419
1_2,Cyclic Voltammetry,375.393,0.250986,0.250986,-7.13E-06,0,-5.94E-06,0.31143
1_2,Cyclic Voltammetry,375.493,0.249966,0.249966,-7.03E-06,0,-5.94E-06,0.311385
1_2,Cyclic Voltammetry,375.593,0.248939,0.248939,-6.90E-06,0,-5.94E-06,0.311346
1_2,Cyclic Voltammetry,375.692,0.247954,0.247954,-6.87E-06,0,-5.94E-06,0.311342
1_2,Cyclic Voltammetry,375.792,0.246969,0.246969,-6.76E-06,0,-5.94E-06,0.311386
1_2,Cyclic Voltammetry,375.891,0.245972,0.245972,-6.70E-06,0,-5.94E-06,0.311389
1_2,Cyclic Voltammetry,375.991,0.244937,0.244937,-6.66E-06,0,-5.94E-06,0.311345
1_2,Cyclic Voltammetry,376.091,0.243915,0.243915,-6.61E-06,0,-5.94E-06,0.31131
1_2,Cyclic Voltammetry,376.19,0.242969,0.242969,-6.54E-06,0,-5.94E-06,0.311333
1_2,Cyclic Voltammetry,376.29,0.242002,0.242002,-6.49E-06,0,-5.94E-06,0.311385
1_2,Cyclic Voltammetry,376.389,0.241005,0.241005,-6.45E-06,0,-5.94E-06,0.311435
1_2,Cyclic Voltammetry,376.489,0.240049,0.240049,-6.42E-06,0,-5.94E-06,0.31143
1_2,Cyclic Voltammetry,376.589,0.239004,0.239004,-6.37E-06,0,-5.94E-06,0.31137
1_2,Cyclic Voltammetry,376.688,0.237983,0.237983,-6.39E-06,0,-5.94E-06,0.311324
1_2,Cyclic Voltammetry,376.788,0.236996,0.236996,-6.41E-06,0,-5.94E-06,0.311367
1_2,Cyclic Voltammetry,376.887,0.236011,0.236011,-6.46E-06,0,-5.94E-06,0.311395
1_2,Cyclic Voltammetry,376.987,0.235026,0.235026,-6.51E-06,0,-5.94E-06,0.311372
1_2,Cyclic Voltammetry,377.087,0.234045,0.234045,-6.54E-06,0,-5.94E-06,0.311396
1_2,Cyclic Voltammetry,377.186,0.233044,0.233044,-6.59E-06,0,-5.94E-06,0.311418
1_2,Cyclic Voltammetry,377.286,0.232059,0.232059,-6.65E-06,0,-5.94E-06,0.311417
1_2,Cyclic Voltammetry,377.385,0.231089,0.231089,-6.72E-06,0,-5.94E-06,0.311413
1_2,Cyclic Voltammetry,377.485,0.230086,0.230086,-6.83E-06,0,-5.94E-06,0.311478
1_2,Cyclic Voltammetry,377.585,0.229052,0.229052,-6.94E-06,0,-5.94E-06,0.31147
1_2,Cyclic Voltammetry,377.684,0.228014,0.228014,-7.05E-06,0,-5.94E-06,0.311422
1_2,Cyclic Voltammetry,377.784,0.227054,0.227054,-7.11E-06,0,-5.94E-06,0.311429
1_2,Cyclic Voltammetry,377.883,0.226101,0.226101,-7.21E-06,0,-5.94E-06,0.311394
1_2,Cyclic Voltammetry,377.983,0.225125,0.225125,-7.26E-06,0,-5.94E-06,0.311452
1_2,Cyclic Voltammetry,378.083,0.224142,0.224142,-7.37E-06,0,-5.94E-06,0.311499
1_2,Cyclic Voltammetry,378.182,0.223111,0.223111,-7.43E-06,0,-5.94E-06,0.311514
1_2,Cyclic Voltammetry,378.282,0.222139,0.222139,-7.50E-06,0,-5.94E-06,0.311528
1_2,Cyclic Voltammetry,378.381,0.221137,0.221137,-7.56E-06,0,-5.94E-06,0.311564
1_2,Cyclic Voltammetry,378.481,0.220117,0.220117,-7.59E-06,0,-5.94E-06,0.311527
1_2,Cyclic Voltammetry,378.581,0.21912,0.21912,-7.61E-06,0,-5.94E-06,0.311542
1_2,Cyclic Voltammetry,378.68,0.21812,0.21812,-7.61E-06,0,-5.94E-06,0.311544
1_2,Cyclic Voltammetry,378.78,0.217109,0.217109,-7.62E-06,0,-5.94E-06,0.311554
1_2,Cyclic Voltammetry,378.879,0.21614,0.21614,-7.59E-06,0,-5.94E-06,0.311524
1_2,Cyclic Voltammetry,378.979,0.215131,0.215131,-7.58E-06,0,-5.94E-06,0.311556
1_2,Cyclic Voltammetry,379.079,0.214131,0.214131,-7.56E-06,0,-5.94E-06,0.311499
1_2,Cyclic Voltammetry,379.178,0.213113,0.213113,-7.50E-06,0,-5.94E-06,0.311514
1_2,Cyclic Voltammetry,379.278,0.212126,0.212126,-7.45E-06,0,-5.94E-06,0.311492
1_2,Cyclic Voltammetry,379.377,0.211106,0.211106,-7.39E-06,0,-5.94E-06,0.311464
1_2,Cyclic Voltammetry,379.477,0.210096,0.210096,-7.29E-06,0,-5.94E-06,0.311474
1_2,Cyclic Voltammetry,379.577,0.209148,0.209148,-7.20E-06,0,-5.94E-06,0.311453
1_2,Cyclic Voltammetry,379.676,0.208139,0.208139,-7.14E-06,0,-5.94E-06,0.311481
1_2,Cyclic Voltammetry,379.776,0.207148,0.207148,-7.09E-06,0,-5.95E-06,0.311515
1_2,Cyclic Voltammetry,379.875,0.206152,0.206152,-7.05E-06,0,-5.95E-06,0.311503
1_2,Cyclic Voltammetry,379.975,0.205154,0.205154,-7.01E-06,0,-5.95E-06,0.311482
1_2,Cyclic Voltammetry,380.075,0.204177,0.204177,-6.93E-06,0,-5.95E-06,0.311438
1_2,Cyclic Voltammetry,380.174,0.203191,0.203191,-6.85E-06,0,-5.95E-06,0.311437
1_2,Cyclic Voltammetry,380.274,0.202164,0.202164,-6.84E-06,0,-5.95E-06,0.31149
1_2,Cyclic Voltammetry,380.373,0.201142,0.201142,-6.82E-06,0,-5.95E-06,0.311472
1_2,Cyclic Voltammetry,380.473,0.200178,0.200178,-6.83E-06,0,-5.95E-06,0.311453
1_2,Cyclic Voltammetry,380.573,0.199187,0.199187,-6.85E-06,0,-5.95E-06,0.31142
1_2,Cyclic Voltammetry,380.672,0.198206,0.198206,-6.87E-06,0,-5.95E-06,0.311434
1_2,Cyclic Voltammetry,380.772,0.197201,0.197201,-6.89E-06,0,-5.95E-06,0.311504
1_2,Cyclic Voltammetry,380.871,0.196222,0.196222,-6.95E-06,0,-5.95E-06,0.311511
1_2,Cyclic Voltammetry,380.971,0.195226,0.195226,-7.00E-06,0,-5.95E-06,0.311478
1_2,Cyclic Voltammetry,381.071,0.194234,0.194234,-7.07E-06,0,-5.95E-06,0.31148
1_2,Cyclic Voltammetry,381.17,0.193223,0.193223,-7.13E-06,0,-5.95E-06,0.311516
1_2,Cyclic Voltammetry,381.27,0.192222,0.192222,-7.22E-06,0,-5.95E-06,0.311503
1_2,Cyclic Voltammetry,381.369,0.191247,0.191247,-7.34E-06,0,-5.95E-06,0.311566
1_2,Cyclic Voltammetry,381.469,0.190253,0.190253,-7.46E-06,0,-5.95E-06,0.311578
1_2,Cyclic Voltammetry,381.569,0.189255,0.189255,-7.54E-06,0,-5.95E-06,0.311589
1_2,Cyclic Voltammetry,381.668,0.188262,0.188262,-7.60E-06,0,-5.95E-06,0.311587
1_2,Cyclic Voltammetry,381.768,0.187267,0.187267,-7.66E-06,0,-5.95E-06,0.311583
1_2,Cyclic Voltammetry,381.867,0.186253,0.186253,-7.78E-06,0,-5.95E-06,0.311609
1_2,Cyclic Voltammetry,381.967,0.185244,0.185244,-7.87E-06,0,-5.95E-06,0.311615
1_2,Cyclic Voltammetry,382.067,0.184245,0.184245,-7.94E-06,0,-5.95E-06,0.311638
1_2,Cyclic Voltammetry,382.166,0.183239,0.183239,-7.98E-06,0,-5.95E-06,0.311636
1_2,Cyclic Voltammetry,382.266,0.182259,0.182259,-8.01E-06,0,-5.95E-06,0.311621
1_2,Cyclic Voltammetry,382.365,0.181305,0.181305,-8.03E-06,0,-5.95E-06,0.31166
1_2,Cyclic Voltammetry,382.465,0.180327,0.180327,-8.04E-06,0,-5.95E-06,0.311693
1_2,Cyclic Voltammetry,382.565,0.179312,0.179312,-8.05E-06,0,-5.95E-06,0.311673
1_2,Cyclic Voltammetry,382.664,0.178299,0.178299,-8.06E-06,0,-5.95E-06,0.311646
1_2,Cyclic Voltammetry,382.764,0.177307,0.177307,-8.01E-06,0,-5.95E-06,0.311637
1_2,Cyclic Voltammetry,382.863,0.176305,0.176305,-7.99E-06,0,-5.95E-06,0.311632
1_2,Cyclic Voltammetry,382.963,0.175294,0.175294,-7.94E-06,0,-5.95E-06,0.311664
1_2,Cyclic Voltammetry,383.063,0.174295,0.174295,-7.91E-06,0,-5.95E-06,0.311662
1_2,Cyclic Voltammetry,383.162,0.173294,0.173294,-7.84E-06,0,-5.95E-06,0.311619
1_2,Cyclic Voltammetry,383.262,0.172325,0.172325,-7.75E-06,0,-5.95E-06,0.311585
1_2,Cyclic Voltammetry,383.361,0.171308,0.171308,-7.68E-06,0,-5.95E-06,0.311573
1_2,Cyclic Voltammetry,383.461,0.170352,0.170352,-7.51E-06,0,-5.95E-06,0.311569
1_2,Cyclic Voltammetry,383.561,0.169433,0.169433,-7.41E-06,0,-5.95E-06,0.311542
1_2,Cyclic Voltammetry,383.66,0.168418,0.168418,-7.47E-06,0,-5.95E-06,0.311551
1_2,Cyclic Voltammetry,383.76,0.167439,0.167439,-7.43E-06,0,-5.95E-06,0.311556
1_2,Cyclic Voltammetry,383.859,0.166424,0.166424,-7.37E-06,0,-5.95E-06,0.311576
1_2,Cyclic Voltammetry,383.959,0.165448,0.165448,-7.32E-06,0,-5.95E-06,0.311538
1_2,Cyclic Voltammetry,384.059,0.164465,0.164465,-7.30E-06,0,-5.95E-06,0.311499
1_2,Cyclic Voltammetry,384.158,0.163474,0.163474,-7.26E-06,0,-5.95E-06,0.311489
1_2,Cyclic Voltammetry,384.258,0.16244,0.16244,-7.26E-06,0,-5.95E-06,0.311537
1_2,Cyclic Voltammetry,384.357,0.161459,0.161459,-7.29E-06,0,-5.95E-06,0.311591
1_2,Cyclic Voltammetry,384.457,0.160469,0.160469,-7.30E-06,0,-5.95E-06,0.311576
1_2,Cyclic Voltammetry,384.557,0.159471,0.159471,-7.35E-06,0,-5.95E-06,0.311571
1_2,Cyclic Voltammetry,384.656,0.158459,0.158459,-7.40E-06,0,-5.96E-06,0.31153
1_2,Cyclic Voltammetry,384.756,0.15745,0.15745,-7.44E-06,0,-5.96E-06,0.311596
1_2,Cyclic Voltammetry,384.855,0.15644,0.15644,-7.50E-06,0,-5.96E-06,0.311631
1_2,Cyclic Voltammetry,384.955,0.15548,0.15548,-7.56E-06,0,-5.96E-06,0.311631
1_2,Cyclic Voltammetry,385.055,0.154478,0.154478,-7.67E-06,0,-5.96E-06,0.311634
1_2,Cyclic Voltammetry,385.154,0.153462,0.153462,-7.78E-06,0,-5.96E-06,0.311628
1_2,Cyclic Voltammetry,385.254,0.152444,0.152444,-7.88E-06,0,-5.96E-06,0.311698
1_2,Cyclic Voltammetry,385.353,0.151438,0.151438,-7.98E-06,0,-5.96E-06,0.31173
1_2,Cyclic Voltammetry,385.453,0.150449,0.150449,-8.06E-06,0,-5.96E-06,0.311735
1_2,Cyclic Voltammetry,385.553,0.149484,0.149484,-8.13E-06,0,-5.96E-06,0.311764
1_2,Cyclic Voltammetry,385.652,0.148459,0.148459,-8.21E-06,0,-5.96E-06,0.311737
1_2,Cyclic Voltammetry,385.752,0.147446,0.147446,-8.29E-06,0,-5.96E-06,0.311722
1_2,Cyclic Voltammetry,385.851,0.146429,0.146429,-8.35E-06,0,-5.96E-06,0.311749
1_2,Cyclic Voltammetry,385.951,0.145444,0.145444,-8.43E-06,0,-5.96E-06,0.311794
1_2,Cyclic Voltammetry,386.051,0.144465,0.144465,-8.47E-06,0,-5.96E-06,0.311801
1_2,Cyclic Voltammetry,386.15,0.143483,0.143483,-8.50E-06,0,-5.96E-06,0.311756
1_2,Cyclic Voltammetry,386.25,0.142494,0.142494,-8.52E-06,0,-5.96E-06,0.311737
1_2,Cyclic Voltammetry,386.349,0.141486,0.141486,-8.53E-06,0,-5.96E-06,0.311742
1_2,Cyclic Voltammetry,386.449,0.140505,0.140505,-8.50E-06,0,-5.96E-06,0.31177
1_2,Cyclic Voltammetry,386.549,0.139481,0.139481,-8.50E-06,0,-5.96E-06,0.311787
1_2,Cyclic Voltammetry,386.648,0.138476,0.138476,-8.48E-06,0,-5.96E-06,0.311749
1_2,Cyclic Voltammetry,386.748,0.137521,0.137521,-8.43E-06,0,-5.96E-06,0.311706
1_2,Cyclic Voltammetry,386.847,0.136547,0.136547,-8.37E-06,0,-5.96E-06,0.311694
1_2,Cyclic Voltammetry,386.947,0.135546,0.135546,-8.33E-06,0,-5.96E-06,0.311739
1_2,Cyclic Voltammetry,387.047,0.134552,0.134552,-8.26E-06,0,-5.96E-06,0.311757
1_2,Cyclic Voltammetry,387.146,0.133574,0.133574,-8.17E-06,0,-5.96E-06,0.311785
1_2,Cyclic Voltammetry,387.246,0.132585,0.132585,-8.10E-06,0,-5.96E-06,0.311801
1_2,Cyclic Voltammetry,387.345,0.131593,0.131593,-8.04E-06,0,-5.96E-06,0.311747
1_2,Cyclic Voltammetry,387.445,0.13056,0.13056,-8.00E-06,0,-5.96E-06,0.311778
1_2,Cyclic Voltammetry,387.545,0.129563,0.129563,-7.96E-06,0,-5.96E-06,0.311762
1_2,Cyclic Voltammetry,387.644,0.128601,0.128601,-7.88E-06,0,-5.96E-06,0.311711
1_2,Cyclic Voltammetry,387.744,0.127628,0.127628,-7.83E-06,0,-5.96E-06,0.311702
1_2,Cyclic Voltammetry,387.843,0.126599,0.126599,-7.80E-06,0,-5.96E-06,0.311745
1_2,Cyclic Voltammetry,387.943,0.125575,0.125575,-7.77E-06,0,-5.96E-06,0.311735
1_2,Cyclic Voltammetry,388.043,0.124582,0.124582,-7.75E-06,0,-5.96E-06,0.311745
1_2,Cyclic Voltammetry,388.142,0.123603,0.123603,-7.77E-06,0,-5.96E-06,0.311775
1_2,Cyclic Voltammetry,388.242,0.122602,0.122602,-7.80E-06,0,-5.96E-06,0.31175
1_2,Cyclic Voltammetry,388.341,0.121599,0.121599,-7.85E-06,0,-5.96E-06,0.311724
1_2,Cyclic Voltammetry,388.441,0.120578,0.120578,-7.90E-06,0,-5.96E-06,0.311743
1_2,Cyclic Voltammetry,388.541,0.11957,0.11957,-7.93E-06,0,-5.96E-06,0.311793
1_2,Cyclic Voltammetry,388.64,0.118601,0.118601,-7.98E-06,0,-5.96E-06,0.31183
1_2,Cyclic Voltammetry,388.74,0.11761,0.11761,-8.08E-06,0,-5.96E-06,0.311854
1_2,Cyclic Voltammetry,388.839,0.116629,0.116629,-8.14E-06,0,-5.96E-06,0.311864
1_2,Cyclic Voltammetry,388.939,0.115614,0.115614,-8.25E-06,0,-5.96E-06,0.311834
1_2,Cyclic Voltammetry,389.039,0.114616,0.114616,-8.36E-06,0,-5.96E-06,0.311881
1_2,Cyclic Voltammetry,389.138,0.113621,0.113621,-8.46E-06,0,-5.97E-06,0.311884
1_2,Cyclic Voltammetry,389.238,0.112613,0.112613,-8.54E-06,0,-5.97E-06,0.31184
1_2,Cyclic Voltammetry,389.337,0.111597,0.111597,-8.63E-06,0,-5.97E-06,0.311857
1_2,Cyclic Voltammetry,389.437,0.110572,0.110572,-8.70E-06,0,-5.97E-06,0.311832
1_2,Cyclic Voltammetry,389.537,0.109627,0.109627,-8.80E-06,0,-5.97E-06,0.311852
1_2,Cyclic Voltammetry,389.636,0.108619,0.108619,-8.85E-06,0,-5.97E-06,0.311911
1_2,Cyclic Voltammetry,389.736,0.107637,0.107637,-8.92E-06,0,-5.97E-06,0.311935
1_2,Cyclic Voltammetry,389.835,0.106665,0.106665,-8.98E-06,0,-5.97E-06,0.311913
1_2,Cyclic Voltammetry,389.935,0.105643,0.105643,-9.02E-06,0,-5.97E-06,0.311935
1_2,Cyclic Voltammetry,390.035,0.104631,0.104631,-9.03E-06,0,-5.97E-06,0.311939
1_2,Cyclic Voltammetry,390.134,0.103648,0.103648,-9.04E-06,0,-5.97E-06,0.311943
1_2,Cyclic Voltammetry,390.234,0.102662,0.102662,-9.02E-06,0,-5.97E-06,0.311935
1_2,Cyclic Voltammetry,390.333,0.101661,0.101661,-9.04E-06,0,-5.97E-06,0.311938
1_2,Cyclic Voltammetry,390.433,0.100695,0.100695,-9.00E-06,0,-5.97E-06,0.311938
1_2,Cyclic Voltammetry,390.533,0.0996873,0.0996873,-8.97E-06,0,-5.97E-06,0.311963
1_2,Cyclic Voltammetry,390.632,0.0986686,0.0986686,-8.93E-06,0,-5.97E-06,0.311958
1_2,Cyclic Voltammetry,390.732,0.0976973,0.0976973,-8.86E-06,0,-5.97E-06,0.311964
1_2,Cyclic Voltammetry,390.831,0.0966921,0.0966921,-8.75E-06,0,-5.97E-06,0.311889
1_2,Cyclic Voltammetry,390.931,0.0956689,0.0956689,-8.74E-06,0,-5.97E-06,0.311907
1_2,Cyclic Voltammetry,391.031,0.0946672,0.0946672,-8.66E-06,0,-5.97E-06,0.311894
1_2,Cyclic Voltammetry,391.13,0.093661,0.093661,-8.61E-06,0,-5.97E-06,0.311879
1_2,Cyclic Voltammetry,391.23,0.0926662,0.0926662,-8.57E-06,0,-5.97E-06,0.311905
1_2,Cyclic Voltammetry,391.329,0.0917034,0.0917034,-8.52E-06,0,-5.97E-06,0.311939
1_2,Cyclic Voltammetry,391.429,0.0907191,0.0907191,-8.43E-06,0,-5.97E-06,0.311974
1_2,Cyclic Voltammetry,391.529,0.0897019,0.0897019,-8.40E-06,0,-5.97E-06,0.311958
1_2,Cyclic Voltammetry,391.628,0.0887396,0.0887396,-8.35E-06,0,-5.97E-06,0.311933
1_2,Cyclic Voltammetry,391.728,0.0877523,0.0877523,-8.34E-06,0,-5.97E-06,0.311948
1_2,Cyclic Voltammetry,391.827,0.0867461,0.0867461,-8.34E-06,0,-5.97E-06,0.311978
1_2,Cyclic Voltammetry,391.927,0.0857514,0.0857514,-8.37E-06,0,-5.97E-06,0.311934
1_2,Cyclic Voltammetry,392.027,0.0847621,0.0847621,-8.38E-06,0,-5.97E-06,0.311948
1_2,Cyclic Voltammetry,392.126,0.0837474,0.0837474,-8.40E-06,0,-5.97E-06,0.311991
1_2,Cyclic Voltammetry,392.226,0.082799,0.082799,-8.46E-06,0,-5.97E-06,0.311986
1_2,Cyclic Voltammetry,392.325,0.0817983,0.0817983,-8.52E-06,0,-5.97E-06,0.312013
1_2,Cyclic Voltammetry,392.425,0.0807731,0.0807731,-8.59E-06,0,-5.97E-06,0.312034
1_2,Cyclic Voltammetry,392.525,0.0797539,0.0797539,-8.65E-06,0,-5.97E-06,0.312047
1_2,Cyclic Voltammetry,392.624,0.0787701,0.0787701,-8.74E-06,0,-5.97E-06,0.312028
1_2,Cyclic Voltammetry,392.724,0.0777609,0.0777609,-8.87E-06,0,-5.97E-06,0.312041
1_2,Cyclic Voltammetry,392.823,0.0767672,0.0767672,-8.99E-06,0,-5.97E-06,0.312076
1_2,Cyclic Voltammetry,392.923,0.0757639,0.0757639,-9.09E-06,0,-5.97E-06,0.312102
1_2,Cyclic Voltammetry,393.023,0.0747697,0.0747697,-9.14E-06,0,-5.97E-06,0.312084
1_2,Cyclic Voltammetry,393.122,0.0737849,0.0737849,-9.23E-06,0,-5.97E-06,0.31208
1_2,Cyclic Voltammetry,393.222,0.0728301,0.0728301,-9.32E-06,0,-5.98E-06,0.312116
1_2,Cyclic Voltammetry,393.321,0.0718089,0.0718089,-9.39E-06,0,-5.98E-06,0.312107
1_2,Cyclic Voltammetry,393.421,0.0707942,0.0707942,-9.51E-06,0,-5.98E-06,0.312124
1_2,Cyclic Voltammetry,393.521,0.0698089,0.0698089,-9.58E-06,0,-5.98E-06,0.312146
1_2,Cyclic Voltammetry,393.62,0.0687433,0.0687433,-9.64E-06,0,-5.98E-06,0.312146
1_2,Cyclic Voltammetry,393.72,0.0677526,0.0677526,-9.64E-06,0,-5.98E-06,0.312139
1_2,Cyclic Voltammetry,393.819,0.0667858,0.0667858,-9.66E-06,0,-5.98E-06,0.312116
1_2,Cyclic Voltammetry,393.919,0.0657935,0.0657935,-9.66E-06,0,-5.98E-06,0.312156
1_2,Cyclic Voltammetry,394.019,0.0647992,0.0647992,-9.65E-06,0,-5.98E-06,0.312175
1_2,Cyclic Voltammetry,394.118,0.063825,0.063825,-9.63E-06,0,-5.98E-06,0.312148
1_2,Cyclic Voltammetry,394.218,0.0628207,0.0628207,-9.64E-06,0,-5.98E-06,0.312124
1_2,Cyclic Voltammetry,394.317,0.0618295,0.0618295,-9.59E-06,0,-5.98E-06,0.312139
1_2,Cyclic Voltammetry,394.417,0.0608307,0.0608307,-9.57E-06,0,-5.98E-06,0.312145
1_2,Cyclic Voltammetry,394.517,0.0598205,0.0598205,-9.51E-06,0,-5.98E-06,0.312208
1_2,Cyclic Voltammetry,394.616,0.0588203,0.0588203,-9.43E-06,0,-5.98E-06,0.312232
1_2,Cyclic Voltammetry,394.716,0.0578465,0.0578465,-9.36E-06,0,-5.98E-06,0.312189
1_2,Cyclic Voltammetry,394.815,0.0568767,0.0568767,-9.28E-06,0,-5.98E-06,0.312165
1_2,Cyclic Voltammetry,394.915,0.0558779,0.0558779,-9.24E-06,0,-5.98E-06,0.312134
1_2,Cyclic Voltammetry,395.015,0.0548702,0.0548702,-9.21E-06,0,-5.98E-06,0.312207
1_2,Cyclic Voltammetry,395.114,0.0538575,0.0538575,-9.16E-06,0,-5.98E-06,0.312203
1_2,Cyclic Voltammetry,395.214,0.0528852,0.0528852,-9.09E-06,0,-5.98E-06,0.312247
1_2,Cyclic Voltammetry,395.313,0.0518705,0.0518705,-9.06E-06,0,-5.98E-06,0.312219
1_2,Cyclic Voltammetry,395.413,0.0508608,0.0508608,-9.02E-06,0,-5.98E-06,0.31215
1_2,Cyclic Voltammetry,395.513,0.049863,0.049863,-8.99E-06,0,-5.98E-06,0.312194
1_2,Cyclic Voltammetry,395.612,0.0488633,0.0488633,-9.01E-06,0,-5.98E-06,0.31224
1_2,Cyclic Voltammetry,395.712,0.0478765,0.0478765,-9.04E-06,0,-5.98E-06,0.312267
1_2,Cyclic Voltammetry,395.811,0.0468843,0.0468843,-9.06E-06,0,-5.98E-06,0.312241
1_2,Cyclic Voltammetry,395.911,0.0458945,0.0458945,-9.11E-06,0,-5.98E-06,0.312229
1_2,Cyclic Voltammetry,396.011,0.0448733,0.0448733,-9.16E-06,0,-5.98E-06,0.31226
1_2,Cyclic Voltammetry,396.11,0.0438561,0.0438561,-9.20E-06,0,-5.98E-06,0.312298
1_2,Cyclic Voltammetry,396.21,0.0428314,0.0428314,-9.29E-06,0,-5.98E-06,0.312347
1_2,Cyclic Voltammetry,396.309,0.0418771,0.0418771,-9.35E-06,0,-5.98E-06,0.31234
1_2,Cyclic Voltammetry,396.409,0.0408938,0.0408938,-9.46E-06,0,-5.98E-06,0.312292
1_2,Cyclic Voltammetry,396.509,0.0399295,0.0399295,-9.55E-06,0,-5.98E-06,0.312315
1_2,Cyclic Voltammetry,396.608,0.0389098,0.0389098,-9.66E-06,0,-5.98E-06,0.31232
1_2,Cyclic Voltammetry,396.708,0.0378976,0.0378976,-9.78E-06,0,-5.98E-06,0.312362
1_2,Cyclic Voltammetry,396.807,0.0368924,0.0368924,-9.86E-06,0,-5.98E-06,0.312421
1_2,Cyclic Voltammetry,396.907,0.0359355,0.0359355,-9.96E-06,0,-5.98E-06,0.312417
1_2,Cyclic Voltammetry,397.007,0.0349692,0.0349692,-1.00E-05,0,-5.98E-06,0.312381
1_2,Cyclic Voltammetry,397.106,0.0339615,0.0339615,-1.01E-05,0,-5.99E-06,0.312401
1_2,Cyclic Voltammetry,397.206,0.0328904,0.0328904,-1.02E-05,0,-5.99E-06,0.312419
1_2,Cyclic Voltammetry,397.305,0.0319062,0.0319062,-1.03E-05,0,-5.99E-06,0.312462
1_2,Cyclic Voltammetry,397.405,0.0309513,0.0309513,-1.04E-05,0,-5.99E-06,0.312479
1_2,Cyclic Voltammetry,397.505,0.0299915,0.0299915,-1.04E-05,0,-5.99E-06,0.312436
1_2,Cyclic Voltammetry,397.604,0.0290007,0.0290007,-1.05E-05,0,-5.99E-06,0.312432
1_2,Cyclic Voltammetry,397.704,0.0279945,0.0279945,-1.05E-05,0,-5.99E-06,0.312482
1_2,Cyclic Voltammetry,397.803,0.0269648,0.0269648,-1.05E-05,0,-5.99E-06,0.31253
1_2,Cyclic Voltammetry,397.903,0.0260015,0.0260015,-1.04E-05,0,-5.99E-06,0.312536
1_2,Cyclic Voltammetry,398.003,0.0250282,0.0250282,-1.04E-05,0,-5.99E-06,0.312515
1_2,Cyclic Voltammetry,398.102,0.0240185,0.0240185,-1.04E-05,0,-5.99E-06,0.312531
1_2,Cyclic Voltammetry,398.202,0.0229808,0.0229808,-1.04E-05,0,-5.99E-06,0.312502
1_2,Cyclic Voltammetry,398.301,0.0219721,0.0219721,-1.03E-05,0,-5.99E-06,0.312519
1_2,Cyclic Voltammetry,398.401,0.0210263,0.0210263,-1.03E-05,0,-5.99E-06,0.312489
1_2,Cyclic Voltammetry,398.501,0.0200315,0.0200315,-1.02E-05,0,-5.99E-06,0.312476
1_2,Cyclic Voltammetry,398.6,0.0190617,0.0190617,-1.02E-05,0,-5.99E-06,0.312477
1_2,Cyclic Voltammetry,398.7,0.0180211,0.0180211,-1.01E-05,0,-5.99E-06,0.312519
1_2,Cyclic Voltammetry,398.799,0.0170079,0.0170079,-1.01E-05,0,-5.99E-06,0.3125
1_2,Cyclic Voltammetry,398.899,0.0160311,0.0160311,-1.00E-05,0,-5.99E-06,0.31253
1_2,Cyclic Voltammetry,398.999,0.0150298,0.0150298,-1.00E-05,0,-5.99E-06,0.312519
1_2,Cyclic Voltammetry,399.098,0.0140321,0.0140321,-9.98E-06,0,-5.99E-06,0.312524
1_2,Cyclic Voltammetry,399.198,0.0129979,0.0129979,-9.97E-06,0,-5.99E-06,0.31251
1_2,Cyclic Voltammetry,399.297,0.0120022,0.0120022,-9.95E-06,0,-5.99E-06,0.312518
1_2,Cyclic Voltammetry,399.397,0.0110184,0.0110184,-9.89E-06,0,-5.99E-06,0.312531
1_2,Cyclic Voltammetry,399.497,0.0100366,0.0100366,-9.87E-06,0,-5.99E-06,0.312553
1_2,Cyclic Voltammetry,399.596,0.00909027,0.00909027,-9.91E-06,0,-5.99E-06,0.312557
1_2,Cyclic Voltammetry,399.696,0.00808853,0.00808853,-9.94E-06,0,-5.99E-06,0.312567
1_2,Cyclic Voltammetry,399.795,0.00707233,0.00707233,-1.00E-05,0,-5.99E-06,0.312586
1_2,Cyclic Voltammetry,399.895,0.00604665,0.00604665,-1.01E-05,0,-5.99E-06,0.31263
1_2,Cyclic Voltammetry,399.995,0.00504492,0.00504492,-1.01E-05,0,-5.99E-06,0.31264
1_2,Cyclic Voltammetry,400.094,0.00406314,0.00406314,-1.02E-05,0,-5.99E-06,0.312645
1_2,Cyclic Voltammetry,400.194,0.00308984,0.00308984,-1.02E-05,0,-5.99E-06,0.312632
1_2,Cyclic Voltammetry,400.293,0.00207314,0.00207314,-1.03E-05,0,-5.99E-06,0.312651
1_2,Cyclic Voltammetry,400.393,0.00104796,0.00104796,-1.04E-05,0,-5.99E-06,0.312698
1_2,Cyclic Voltammetry,400.493,0.000122554,0.000122554,-1.04E-05,0,-5.99E-06,0.312744
1_2,Cyclic Voltammetry,400.592,-0.000850745,-0.000850745,-1.06E-05,0,-6.00E-06,0.312737
1_2,Cyclic Voltammetry,400.692,-0.00180109,-0.00180109,-1.07E-05,0,-6.00E-06,0.312784
1_2,Cyclic Voltammetry,400.791,-0.00281031,-0.00281031,-1.08E-05,0,-6.00E-06,0.312822
1_2,Cyclic Voltammetry,400.891,-0.00382053,-0.00382053,-1.09E-05,0,-6.00E-06,0.312839
1_2,Cyclic Voltammetry,400.991,-0.0048033,-0.0048033,-1.10E-05,0,-6.00E-06,0.312842
1_2,Cyclic Voltammetry,401.09,-0.00575315,-0.00575315,-1.11E-05,0,-6.00E-06,0.31283
1_2,Cyclic Voltammetry,401.19,-0.00672895,-0.00672895,-1.12E-05,0,-6.00E-06,0.312848
1_2,Cyclic Voltammetry,401.289,-0.00775313,-0.00775313,-1.13E-05,0,-6.00E-06,0.312853
1_2,Cyclic Voltammetry,401.389,-0.00877083,-0.00877083,-1.13E-05,0,-6.00E-06,0.312883
1_2,Cyclic Voltammetry,401.489,-0.00979252,-0.00979252,-1.14E-05,0,-6.00E-06,0.312859
1_2,Cyclic Voltammetry,401.588,-0.0107778,-0.0107778,-1.14E-05,0,-6.00E-06,0.312881
1_2,Cyclic Voltammetry,401.688,-0.0117486,-0.0117486,-1.14E-05,0,-6.00E-06,0.312911
1_2,Cyclic Voltammetry,401.787,-0.0127643,-0.0127643,-1.14E-05,0,-6.00E-06,0.312919
1_2,Cyclic Voltammetry,401.887,-0.013771,-0.013771,-1.14E-05,0,-6.00E-06,0.312966
1_2,Cyclic Voltammetry,401.987,-0.0147598,-0.0147598,-1.14E-05,0,-6.00E-06,0.312949
1_2,Cyclic Voltammetry,402.086,-0.0157381,-0.0157381,-1.14E-05,0,-6.00E-06,0.312938
1_2,Cyclic Voltammetry,402.186,-0.0167169,-0.0167169,-1.14E-05,0,-6.00E-06,0.312967
1_2,Cyclic Voltammetry,402.285,-0.0177186,-0.0177186,-1.14E-05,0,-6.00E-06,0.312982
1_2,Cyclic Voltammetry,402.385,-0.0187328,-0.0187328,-1.13E-05,0,-6.00E-06,0.313001
1_2,Cyclic Voltammetry,402.485,-0.0197405,-0.0197405,-1.13E-05,0,-6.00E-06,0.312982
1_2,Cyclic Voltammetry,402.584,-0.0207522,-0.0207522,-1.12E-05,0,-6.00E-06,0.312966
1_2,Cyclic Voltammetry,402.684,-0.02175,-0.02175,-1.11E-05,0,-6.00E-06,0.312902
1_2,Cyclic Voltammetry,402.783,-0.0227273,-0.0227273,-1.11E-05,0,-6.00E-06,0.312903
1_2,Cyclic Voltammetry,402.883,-0.0236796,-0.0236796,-1.11E-05,0,-6.00E-06,0.31293
1_2,Cyclic Voltammetry,402.983,-0.0247073,-0.0247073,-1.10E-05,0,-6.00E-06,0.312926
1_2,Cyclic Voltammetry,403.082,-0.0256671,-0.0256671,-1.10E-05,0,-6.00E-06,0.312943
1_2,Cyclic Voltammetry,403.182,-0.0266369,-0.0266369,-1.10E-05,0,-6.00E-06,0.312946
1_2,Cyclic Voltammetry,403.281,-0.0275997,-0.0275997,-1.10E-05,0,-6.00E-06,0.312957
1_2,Cyclic Voltammetry,403.381,-0.0286179,-0.0286179,-1.09E-05,0,-6.00E-06,0.313007
1_2,Cyclic Voltammetry,403.481,-0.0296671,-0.0296671,-1.09E-05,0,-6.00E-06,0.313078
1_2,Cyclic Voltammetry,403.58,-0.0306678,-0.0306678,-1.09E-05,0,-6.00E-06,0.313065
1_2,Cyclic Voltammetry,403.68,-0.0316291,-0.0316291,-1.10E-05,0,-6.00E-06,0.313059
1_2,Cyclic Voltammetry,403.779,-0.0325894,-0.0325894,-1.10E-05,0,-6.00E-06,0.313068
1_2,Cyclic Voltammetry,403.879,-0.0335817,-0.0335817,-1.11E-05,0,-6.01E-06,0.313096
1_2,Cyclic Voltammetry,403.979,-0.0345635,-0.0345635,-1.11E-05,0,-6.01E-06,0.313164
1_2,Cyclic Voltammetry,404.078,-0.0356056,-0.0356056,-1.12E-05,0,-6.01E-06,0.313191
1_2,Cyclic Voltammetry,404.178,-0.0366333,-0.0366333,-1.13E-05,0,-6.01E-06,0.31317
1_2,Cyclic Voltammetry,404.277,-0.0376036,-0.0376036,-1.13E-05,0,-6.01E-06,0.313138
1_2,Cyclic Voltammetry,404.377,-0.0385874,-0.0385874,-1.14E-05,0,-6.01E-06,0.313184
1_2,Cyclic Voltammetry,404.477,-0.0395981,-0.0395981,-1.15E-05,0,-6.01E-06,0.313244
1_2,Cyclic Voltammetry,404.576,-0.0405993,-0.0405993,-1.16E-05,0,-6.01E-06,0.313273
1_2,Cyclic Voltammetry,404.676,-0.0415781,-0.0415781,-1.18E-05,0,-6.01E-06,0.313273
1_2,Cyclic Voltammetry,404.775,-0.0425803,-0.0425803,-1.19E-05,0,-6.01E-06,0.313268
1_2,Cyclic Voltammetry,404.875,-0.0435392,-0.0435392,-1.19E-05,0,-6.01E-06,0.313313
1_2,Cyclic Voltammetry,404.975,-0.0445614,-0.0445614,-1.21E-05,0,-6.01E-06,0.313342
1_2,Cyclic Voltammetry,405.074,-0.0455826,-0.0455826,-1.21E-05,0,-6.01E-06,0.313391
1_2,Cyclic Voltammetry,405.174,-0.0465908,-0.0465908,-1.22E-05,0,-6.01E-06,0.313439
1_2,Cyclic Voltammetry,405.273,-0.0475755,-0.0475755,-1.23E-05,0,-6.01E-06,0.313433
1_2,Cyclic Voltammetry,405.373,-0.0485518,-0.0485518,-1.24E-05,0,-6.01E-06,0.313401
1_2,Cyclic Voltammetry,405.473,-0.0495271,-0.0495271,-1.25E-05,0,-6.01E-06,0.313394
1_2,Cyclic Voltammetry,405.572,-0.0505324,-0.0505324,-1.25E-05,0,-6.01E-06,0.313446
1_2,Cyclic Voltammetry,405.672,-0.0515785,-0.0515785,-1.25E-05,0,-6.01E-06,0.313492
1_2,Cyclic Voltammetry,405.771,-0.0526122,-0.0526122,-1.26E-05,0,-6.01E-06,0.313473
1_2,Cyclic Voltammetry,405.871,-0.0535495,-0.0535495,-1.26E-05,0,-6.01E-06,0.313489
1_2,Cyclic Voltammetry,405.971,-0.0545428,-0.0545428,-1.26E-05,0,-6.01E-06,0.313522
1_2,Cyclic Voltammetry,406.07,-0.0555385,-0.0555385,-1.26E-05,0,-6.01E-06,0.313537
1_2,Cyclic Voltammetry,406.17,-0.0565517,-0.0565517,-1.25E-05,0,-6.01E-06,0.313568
1_2,Cyclic Voltammetry,406.269,-0.057539,-0.057539,-1.25E-05,0,-6.01E-06,0.313537
1_2,Cyclic Voltammetry,406.369,-0.0585333,-0.0585333,-1.25E-05,0,-6.01E-06,0.313488
1_2,Cyclic Voltammetry,406.469,-0.0594951,-0.0594951,-1.25E-05,0,-6.01E-06,0.313491
1_2,Cyclic Voltammetry,406.568,-0.0604988,-0.0604988,-1.25E-05,0,-6.01E-06,0.313581
1_2,Cyclic Voltammetry,406.668,-0.0615015,-0.0615015,-1.24E-05,0,-6.01E-06,0.313572
1_2,Cyclic Voltammetry,406.767,-0.0624818,-0.0624818,-1.23E-05,0,-6.01E-06,0.31357
1_2,Cyclic Voltammetry,406.867,-0.0634641,-0.0634641,-1.23E-05,0,-6.02E-06,0.313592
1_2,Cyclic Voltammetry,406.967,-0.0644653,-0.0644653,-1.23E-05,0,-6.02E-06,0.313568
1_2,Cyclic Voltammetry,407.066,-0.0654516,-0.0654516,-1.22E-05,0,-6.02E-06,0.31356
1_2,Cyclic Voltammetry,407.166,-0.0664663,-0.0664663,-1.22E-05,0,-6.02E-06,0.313606
1_2,Cyclic Voltammetry,407.265,-0.067469,-0.067469,-1.22E-05,0,-6.02E-06,0.3136
1_2,Cyclic Voltammetry,407.365,-0.0684423,-0.0684423,-1.22E-05,0,-6.02E-06,0.313577
1_2,Cyclic Voltammetry,407.465,-0.0694391,-0.0694391,-1.21E-05,0,-6.02E-06,0.313612
1_2,Cyclic Voltammetry,407.564,-0.0704019,-0.0704019,-1.21E-05,0,-6.02E-06,0.313638
1_2,Cyclic Voltammetry,407.664,-0.0714311,-0.0714311,-1.22E-05,0,-6.02E-06,0.313708
1_2,Cyclic Voltammetry,407.763,-0.0724742,-0.0724742,-1.22E-05,0,-6.02E-06,0.313718
1_2,Cyclic Voltammetry,407.863,-0.0734899,-0.0734899,-1.23E-05,0,-6.02E-06,0.313692
1_2,Cyclic Voltammetry,407.963,-0.0744712,-0.0744712,-1.23E-05,0,-6.02E-06,0.31371
1_2,Cyclic Voltammetry,408.062,-0.075447,-0.075447,-1.24E-05,0,-6.02E-06,0.313744
1_2,Cyclic Voltammetry,408.162,-0.0764457,-0.0764457,-1.24E-05,0,-6.02E-06,0.313798
1_2,Cyclic Voltammetry,408.261,-0.0774565,-0.0774565,-1.25E-05,0,-6.02E-06,0.313768
1_2,Cyclic Voltammetry,408.361,-0.0784482,-0.0784482,-1.26E-05,0,-6.02E-06,0.313813
1_2,Cyclic Voltammetry,408.461,-0.079409,-0.079409,-1.27E-05,0,-6.02E-06,0.313839
1_2,Cyclic Voltammetry,408.56,-0.0803998,-0.0803998,-1.28E-05,0,-6.02E-06,0.313837
1_2,Cyclic Voltammetry,408.66,-0.0813881,-0.0813881,-1.29E-05,0,-6.02E-06,0.313903
1_2,Cyclic Voltammetry,408.759,-0.0824357,-0.0824357,-1.30E-05,0,-6.02E-06,0.313881
1_2,Cyclic Voltammetry,408.859,-0.0834065,-0.0834065,-1.31E-05,0,-6.02E-06,0.313914
1_2,Cyclic Voltammetry,408.959,-0.0843743,-0.0843743,-1.32E-05,0,-6.02E-06,0.313999
1_2,Cyclic Voltammetry,409.058,-0.085399,-0.085399,-1.33E-05,0,-6.02E-06,0.313982
1_2,Cyclic Voltammetry,409.158,-0.0863823,-0.0863823,-1.34E-05,0,-6.02E-06,0.313977
1_2,Cyclic Voltammetry,409.257,-0.0874034,-0.0874034,-1.35E-05,0,-6.02E-06,0.314003
1_2,Cyclic Voltammetry,409.357,-0.0884072,-0.0884072,-1.36E-05,0,-6.02E-06,0.314068
1_2,Cyclic Voltammetry,409.457,-0.08938,-0.08938,-1.37E-05,0,-6.02E-06,0.314074
1_2,Cyclic Voltammetry,409.556,-0.0903707,-0.0903707,-1.38E-05,0,-6.02E-06,0.314095
1_2,Cyclic Voltammetry,409.656,-0.0913725,-0.0913725,-1.38E-05,0,-6.03E-06,0.31416
1_2,Cyclic Voltammetry,409.755,-0.0923478,-0.0923478,-1.39E-05,0,-6.03E-06,0.314197
1_2,Cyclic Voltammetry,409.855,-0.09335,-0.09335,-1.39E-05,0,-6.03E-06,0.314175
1_2,Cyclic Voltammetry,409.955,-0.0943542,-0.0943542,-1.39E-05,0,-6.03E-06,0.314184
1_2,Cyclic Voltammetry,410.054,-0.095331,-0.095331,-1.39E-05,0,-6.03E-06,0.314196
1_2,Cyclic Voltammetry,410.154,-0.0963158,-0.0963158,-1.39E-05,0,-6.03E-06,0.314229
1_2,Cyclic Voltammetry,410.253,-0.0972756,-0.0972756,-1.39E-05,0,-6.03E-06,0.314293
1_2,Cyclic Voltammetry,410.353,-0.0983083,-0.0983083,-1.39E-05,0,-6.03E-06,0.314259
1_2,Cyclic Voltammetry,410.453,-0.0993145,-0.0993145,-1.39E-05,0,-6.03E-06,0.31426
1_2,Cyclic Voltammetry,410.552,-0.100305,-0.100305,-1.38E-05,0,-6.03E-06,0.314271
1_2,Cyclic Voltammetry,410.652,-0.10131,-0.10131,-1.38E-05,0,-6.03E-06,0.314286
1_2,Cyclic Voltammetry,410.751,-0.102322,-0.102322,-1.37E-05,0,-6.03E-06,0.314307
1_2,Cyclic Voltammetry,410.851,-0.10335,-0.10335,-1.37E-05,0,-6.03E-06,0.314268
1_2,Cyclic Voltammetry,410.951,-0.104311,-0.104311,-1.37E-05,0,-6.03E-06,0.314275
1_2,Cyclic Voltammetry,411.05,-0.105295,-0.105295,-1.36E-05,0,-6.03E-06,0.314296
1_2,Cyclic Voltammetry,411.15,-0.106286,-0.106286,-1.36E-05,0,-6.03E-06,0.314322
1_2,Cyclic Voltammetry,411.249,-0.107309,-0.107309,-1.36E-05,0,-6.03E-06,0.314335
1_2,Cyclic Voltammetry,411.349,-0.10829,-0.10829,-1.36E-05,0,-6.03E-06,0.314342
1_2,Cyclic Voltammetry,411.449,-0.109283,-0.109283,-1.35E-05,0,-6.03E-06,0.314388
1_2,Cyclic Voltammetry,411.548,-0.110267,-0.110267,-1.35E-05,0,-6.03E-06,0.314389
1_2,Cyclic Voltammetry,411.648,-0.11128,-0.11128,-1.35E-05,0,-6.03E-06,0.314371
1_2,Cyclic Voltammetry,411.747,-0.112266,-0.112266,-1.36E-05,0,-6.03E-06,0.314399
1_2,Cyclic Voltammetry,411.847,-0.113238,-0.113238,-1.36E-05,0,-6.03E-06,0.31448
1_2,Cyclic Voltammetry,411.947,-0.114245,-0.114245,-1.37E-05,0,-6.03E-06,0.314503
1_2,Cyclic Voltammetry,412.046,-0.115208,-0.115208,-1.37E-05,0,-6.03E-06,0.314547
1_2,Cyclic Voltammetry,412.146,-0.116213,-0.116213,-1.38E-05,0,-6.03E-06,0.31454
1_2,Cyclic Voltammetry,412.245,-0.117195,-0.117195,-1.38E-05,0,-6.04E-06,0.314583
1_2,Cyclic Voltammetry,412.345,-0.118223,-0.118223,-1.39E-05,0,-6.04E-06,0.314642
1_2,Cyclic Voltammetry,412.445,-0.119215,-0.119215,-1.40E-05,0,-6.04E-06,0.314676
1_2,Cyclic Voltammetry,412.544,-0.12022,-0.12022,-1.41E-05,0,-6.04E-06,0.314702
1_2,Cyclic Voltammetry,412.644,-0.121212,-0.121212,-1.42E-05,0,-6.04E-06,0.314762
1_2,Cyclic Voltammetry,412.743,-0.12222,-0.12222,-1.43E-05,0,-6.04E-06,0.314753
1_2,Cyclic Voltammetry,412.843,-0.123221,-0.123221,-1.44E-05,0,-6.04E-06,0.314785
1_2,Cyclic Voltammetry,412.943,-0.124204,-0.124204,-1.46E-05,0,-6.04E-06,0.314852
1_2,Cyclic Voltammetry,413.042,-0.125176,-0.125176,-1.47E-05,0,-6.04E-06,0.314891
1_2,Cyclic Voltammetry,413.142,-0.126177,-0.126177,-1.47E-05,0,-6.04E-06,0.314887
1_2,Cyclic Voltammetry,413.241,-0.127196,-0.127196,-1.48E-05,0,-6.04E-06,0.314938
1_2,Cyclic Voltammetry,413.341,-0.128207,-0.128207,-1.49E-05,0,-6.04E-06,0.314922
1_2,Cyclic Voltammetry,413.441,-0.129238,-0.129238,-1.50E-05,0,-6.04E-06,0.314906
1_2,Cyclic Voltammetry,413.54,-0.130195,-0.130195,-1.51E-05,0,-6.04E-06,0.31496
1_2,Cyclic Voltammetry,413.64,-0.131182,-0.131182,-1.52E-05,0,-6.04E-06,0.315022
1_2,Cyclic Voltammetry,413.739,-0.132176,-0.132176,-1.53E-05,0,-6.04E-06,0.315058
1_2,Cyclic Voltammetry,413.839,-0.133159,-0.133159,-1.53E-05,0,-6.04E-06,0.31505
1_2,Cyclic Voltammetry,413.939,-0.134164,-0.134164,-1.53E-05,0,-6.04E-06,0.315101
1_2,Cyclic Voltammetry,414.038,-0.135184,-0.135184,-1.54E-05,0,-6.04E-06,0.315126
1_2,Cyclic Voltammetry,414.138,-0.13616,-0.13616,-1.54E-05,0,-6.04E-06,0.315185
1_2,Cyclic Voltammetry,414.237,-0.137188,-0.137188,-1.54E-05,0,-6.04E-06,0.315182
1_2,Cyclic Voltammetry,414.337,-0.138238,-0.138238,-1.54E-05,0,-6.04E-06,0.315148
1_2,Cyclic Voltammetry,414.437,-0.139174,-0.139174,-1.54E-05,0,-6.04E-06,0.315167
1_2,Cyclic Voltammetry,414.536,-0.14013,-0.14013,-1.54E-05,0,-6.04E-06,0.315205
1_2,Cyclic Voltammetry,414.636,-0.141094,-0.141094,-1.53E-05,0,-6.04E-06,0.315231
1_2,Cyclic Voltammetry,414.735,-0.142101,-0.142101,-1.53E-05,0,-6.05E-06,0.315258
1_2,Cyclic Voltammetry,414.835,-0.143109,-0.143109,-1.52E-05,0,-6.05E-06,0.315294
1_2,Cyclic Voltammetry,414.935,-0.144118,-0.144118,-1.52E-05,0,-6.05E-06,0.315317
1_2,Cyclic Voltammetry,415.034,-0.145135,-0.145135,-1.52E-05,0,-6.05E-06,0.315298
1_2,Cyclic Voltammetry,415.134,-0.146131,-0.146131,-1.51E-05,0,-6.05E-06,0.315289
1_2,Cyclic Voltammetry,415.233,-0.147084,-0.147084,-1.51E-05,0,-6.05E-06,0.315279
1_2,Cyclic Voltammetry,415.333,-0.148114,-0.148114,-1.51E-05,0,-6.05E-06,0.315297
1_2,Cyclic Voltammetry,415.433,-0.149127,-0.149127,-1.51E-05,0,-6.05E-06,0.315377
1_2,Cyclic Voltammetry,415.532,-0.150118,-0.150118,-1.50E-05,0,-6.05E-06,0.315383
1_2,Cyclic Voltammetry,415.632,-0.151084,-0.151084,-1.50E-05,0,-6.05E-06,0.315432
1_2,Cyclic Voltammetry,415.731,-0.152088,-0.152088,-1.51E-05,0,-6.05E-06,0.315474
1_2,Cyclic Voltammetry,415.831,-0.153094,-0.153094,-1.51E-05,0,-6.05E-06,0.315473
1_2,Cyclic Voltammetry,415.931,-0.154123,-0.154123,-1.51E-05,0,-6.05E-06,0.315483
1_2,Cyclic Voltammetry,416.03,-0.155138,-0.155138,-1.51E-05,0,-6.05E-06,0.315507
1_2,Cyclic Voltammetry,416.13,-0.156079,-0.156079,-1.52E-05,0,-6.05E-06,0.315559
1_2,Cyclic Voltammetry,416.229,-0.157059,-0.157059,-1.53E-05,0,-6.05E-06,0.315559
1_2,Cyclic Voltammetry,416.329,-0.158035,-0.158035,-1.54E-05,0,-6.05E-06,0.315583
1_2,Cyclic Voltammetry,416.429,-0.159052,-0.159052,-1.54E-05,0,-6.05E-06,0.315663
1_2,Cyclic Voltammetry,416.528,-0.160083,-0.160083,-1.55E-05,0,-6.05E-06,0.31569
1_2,Cyclic Voltammetry,416.628,-0.161092,-0.161092,-1.56E-05,0,-6.05E-06,0.315726
1_2,Cyclic Voltammetry,416.727,-0.162074,-0.162074,-1.57E-05,0,-6.05E-06,0.315765
1_2,Cyclic Voltammetry,416.827,-0.163063,-0.163063,-1.58E-05,0,-6.05E-06,0.315767
1_2,Cyclic Voltammetry,416.927,-0.164102,-0.164102,-1.60E-05,0,-6.05E-06,0.315783
1_2,Cyclic Voltammetry,417.026,-0.165103,-0.165103,-1.61E-05,0,-6.06E-06,0.315817
1_2,Cyclic Voltammetry,417.126,-0.166065,-0.166065,-1.62E-05,0,-6.06E-06,0.315821
1_2,Cyclic Voltammetry,417.225,-0.167058,-0.167058,-1.63E-05,0,-6.06E-06,0.315874
1_2,Cyclic Voltammetry,417.325,-0.168028,-0.168028,-1.64E-05,0,-6.06E-06,0.315898
1_2,Cyclic Voltammetry,417.425,-0.169045,-0.169045,-1.65E-05,0,-6.06E-06,0.315962
1_2,Cyclic Voltammetry,417.524,-0.169965,-0.169965,-1.63E-05,0,-6.06E-06,0.316002
1_2,Cyclic Voltammetry,417.624,-0.170971,-0.170971,-1.65E-05,0,-6.06E-06,0.316058
1_2,Cyclic Voltammetry,417.723,-0.171967,-0.171967,-1.67E-05,0,-6.06E-06,0.316114
1_2,Cyclic Voltammetry,417.823,-0.172939,-0.172939,-1.68E-05,0,-6.06E-06,0.316123
1_2,Cyclic Voltammetry,417.923,-0.173925,-0.173925,-1.68E-05,0,-6.06E-06,0.316104
1_2,Cyclic Voltammetry,418.022,-0.174903,-0.174903,-1.69E-05,0,-6.06E-06,0.31613
1_2,Cyclic Voltammetry,418.122,-0.175903,-0.175903,-1.69E-05,0,-6.06E-06,0.316178
1_2,Cyclic Voltammetry,418.221,-0.176874,-0.176874,-1.69E-05,0,-6.06E-06,0.316229
1_2,Cyclic Voltammetry,418.321,-0.177882,-0.177882,-1.69E-05,0,-6.06E-06,0.316287
1_2,Cyclic Voltammetry,418.421,-0.178846,-0.178846,-1.69E-05,0,-6.06E-06,0.316308
1_2,Cyclic Voltammetry,418.52,-0.17988,-0.17988,-1.70E-05,0,-6.06E-06,0.31627
1_2,Cyclic Voltammetry,418.62,-0.180914,-0.180914,-1.70E-05,0,-6.06E-06,0.316285
1_2,Cyclic Voltammetry,418.719,-0.181899,-0.181899,-1.69E-05,0,-6.06E-06,0.316319
1_2,Cyclic Voltammetry,418.819,-0.182868,-0.182868,-1.69E-05,0,-6.06E-06,0.316343
1_2,Cyclic Voltammetry,418.919,-0.183857,-0.183857,-1.69E-05,0,-6.06E-06,0.316359
1_2,Cyclic Voltammetry,419.018,-0.184859,-0.184859,-1.68E-05,0,-6.06E-06,0.31637
1_2,Cyclic Voltammetry,419.118,-0.185865,-0.185865,-1.68E-05,0,-6.06E-06,0.316403
1_2,Cyclic Voltammetry,419.217,-0.186869,-0.186869,-1.68E-05,0,-6.07E-06,0.316446
1_2,Cyclic Voltammetry,419.317,-0.187877,-0.187877,-1.68E-05,0,-6.07E-06,0.316479
1_2,Cyclic Voltammetry,419.417,-0.188845,-0.188845,-1.67E-05,0,-6.07E-06,0.316539
1_2,Cyclic Voltammetry,419.516,-0.189851,-0.189851,-1.67E-05,0,-6.07E-06,0.316524
1_2,Cyclic Voltammetry,419.616,-0.190863,-0.190863,-1.67E-05,0,-6.07E-06,0.316494
1_2,Cyclic Voltammetry,419.715,-0.191836,-0.191836,-1.67E-05,0,-6.07E-06,0.316523
1_2,Cyclic Voltammetry,419.815,-0.192802,-0.192802,-1.67E-05,0,-6.07E-06,0.316571
1_2,Cyclic Voltammetry,419.915,-0.193812,-0.193812,-1.67E-05,0,-6.07E-06,0.316615
1_2,Cyclic Voltammetry,420.014,-0.194803,-0.194803,-1.68E-05,0,-6.07E-06,0.316638
1_2,Cyclic Voltammetry,420.114,-0.195811,-0.195811,-1.68E-05,0,-6.07E-06,0.316669
1_2,Cyclic Voltammetry,420.213,-0.196821,-0.196821,-1.69E-05,0,-6.07E-06,0.316714
1_2,Cyclic Voltammetry,420.313,-0.197808,-0.197808,-1.69E-05,0,-6.07E-06,0.316755
1_2,Cyclic Voltammetry,420.413,-0.198813,-0.198813,-1.70E-05,0,-6.07E-06,0.31676
1_2,Cyclic Voltammetry,420.512,-0.199818,-0.199818,-1.71E-05,0,-6.07E-06,0.316802
1_2,Cyclic Voltammetry,420.612,-0.200785,-0.200785,-1.71E-05,0,-6.07E-06,0.316813
1_2,Cyclic Voltammetry,420.711,-0.201781,-0.201781,-1.73E-05,0,-6.07E-06,0.316842
1_2,Cyclic Voltammetry,420.811,-0.202761,-0.202761,-1.74E-05,0,-6.07E-06,0.316912
1_2,Cyclic Voltammetry,420.911,-0.203728,-0.203728,-1.75E-05,0,-6.07E-06,0.316976
1_2,Cyclic Voltammetry,421.01,-0.204747,-0.204747,-1.76E-05,0,-6.07E-06,0.317007
1_2,Cyclic Voltammetry,421.11,-0.205708,-0.205708,-1.77E-05,0,-6.07E-06,0.317047
1_2,Cyclic Voltammetry,421.209,-0.206741,-0.206741,-1.79E-05,0,-6.07E-06,0.317062
1_2,Cyclic Voltammetry,421.309,-0.207763,-0.207763,-1.80E-05,0,-6.08E-06,0.317098
1_2,Cyclic Voltammetry,421.409,-0.208748,-0.208748,-1.81E-05,0,-6.08E-06,0.317132
1_2,Cyclic Voltammetry,421.508,-0.209745,-0.209745,-1.82E-05,0,-6.08E-06,0.317178
1_2,Cyclic Voltammetry,421.608,-0.210714,-0.210714,-1.83E-05,0,-6.08E-06,0.317225
1_2,Cyclic Voltammetry,421.707,-0.211717,-0.211717,-1.83E-05,0,-6.08E-06,0.31727
1_2,Cyclic Voltammetry,421.807,-0.212687,-0.212687,-1.85E-05,0,-6.08E-06,0.31734
1_2,Cyclic Voltammetry,421.907,-0.213713,-0.213713,-1.86E-05,0,-6.08E-06,0.317364
1_2,Cyclic Voltammetry,422.006,-0.214721,-0.214721,-1.87E-05,0,-6.08E-06,0.317388
1_2,Cyclic Voltammetry,422.106,-0.215696,-0.215696,-1.87E-05,0,-6.08E-06,0.317418
1_2,Cyclic Voltammetry,422.205,-0.216692,-0.216692,-1.88E-05,0,-6.08E-06,0.317456
1_2,Cyclic Voltammetry,422.305,-0.217676,-0.217676,-1.88E-05,0,-6.08E-06,0.317477
1_2,Cyclic Voltammetry,422.405,-0.218645,-0.218645,-1.88E-05,0,-6.08E-06,0.317485
1_2,Cyclic Voltammetry,422.504,-0.219648,-0.219648,-1.89E-05,0,-6.08E-06,0.317525
1_2,Cyclic Voltammetry,422.604,-0.220662,-0.220662,-1.89E-05,0,-6.08E-06,0.317549
1_2,Cyclic Voltammetry,422.703,-0.221644,-0.221644,-1.89E-05,0,-6.08E-06,0.317618
1_2,Cyclic Voltammetry,422.803,-0.222635,-0.222635,-1.89E-05,0,-6.08E-06,0.317667
1_2,Cyclic Voltammetry,422.903,-0.223617,-0.223617,-1.89E-05,0,-6.08E-06,0.317649
1_2,Cyclic Voltammetry,423.002,-0.224625,-0.224625,-1.89E-05,0,-6.08E-06,0.317693
1_2,Cyclic Voltammetry,423.102,-0.225635,-0.225635,-1.89E-05,0,-6.08E-06,0.317718
1_2,Cyclic Voltammetry,423.201,-0.226669,-0.226669,-1.89E-05,0,-6.08E-06,0.317732
1_2,Cyclic Voltammetry,423.301,-0.227637,-0.227637,-1.88E-05,0,-6.09E-06,0.317708
1_2,Cyclic Voltammetry,423.401,-0.228625,-0.228625,-1.88E-05,0,-6.09E-06,0.317756
1_2,Cyclic Voltammetry,423.5,-0.229614,-0.229614,-1.88E-05,0,-6.09E-06,0.317815
1_2,Cyclic Voltammetry,423.6,-0.230631,-0.230631,-1.88E-05,0,-6.09E-06,0.317867
1_2,Cyclic Voltammetry,423.699,-0.231591,-0.231591,-1.88E-05,0,-6.09E-06,0.317918
1_2,Cyclic Voltammetry,423.799,-0.232582,-0.232582,-1.88E-05,0,-6.09E-06,0.317934
1_2,Cyclic Voltammetry,423.899,-0.233576,-0.233576,-1.88E-05,0,-6.09E-06,0.317957
1_2,Cyclic Voltammetry,423.998,-0.234605,-0.234605,-1.88E-05,0,-6.09E-06,0.317966
1_2,Cyclic Voltammetry,424.098,-0.235615,-0.235615,-1.88E-05,0,-6.09E-06,0.317979
1_2,Cyclic Voltammetry,424.197,-0.23663,-0.23663,-1.89E-05,0,-6.09E-06,0.318008
1_2,Cyclic Voltammetry,424.297,-0.237573,-0.237573,-1.89E-05,0,-6.09E-06,0.318101
1_2,Cyclic Voltammetry,424.397,-0.238537,-0.238537,-1.90E-05,0,-6.09E-06,0.31817
1_2,Cyclic Voltammetry,424.496,-0.23951,-0.23951,-1.91E-05,0,-6.09E-06,0.318188
1_2,Cyclic Voltammetry,424.596,-0.240526,-0.240526,-1.92E-05,0,-6.09E-06,0.318214
1_2,Cyclic Voltammetry,424.695,-0.241598,-0.241598,-1.92E-05,0,-6.09E-06,0.318237